0 5
0 6
0 17
1 8
2 1
3 0
4 7
4 18
4 19
5 0
5 5
6 32
7 12
7 16
8 23
8 29
9 2
9 30
9 31
10 5
10 12
10 16
11 22
12 2
13 7
14 7
14 25
15 19
16 23
17 3
17 10
17 14
17 19
18 7
18 23
19 21
19 22
20 4
21 7
22 6
23 28
24 4
24 20
25 32
26 23
27 7
28 26
29 7
29 18
30 5
31 4
32 23
33 19
34 32
35 4
36 0
36 8
36 25
36 32
37 2
38 2
39 23
40 2
41 25
42 4
42 22
42 23
43 3
43 14
43 17
43 25
44 30
44 31
45 4
46 12
46 16
47 23
47 29
48 5
49 7
50 4
51 1
51 9
51 18
52 13
53 7
54 10
54 21
55 9
55 22
56 23
56 29
57 5
57 35
58 23
59 18
59 23
60 29
61 3
61 5
62 5
62 12
62 16
63 7
64 23
