0 5
0 6
0 9
0 10
0 11
0 13
0 21
0 31
1 7
2 31
3 0
3 13
3 23
4 5
5 4
6 5
6 6
6 30
6 33
7 6
8 20
9 23
10 27
11 24
12 7
12 18
13 7
14 4
15 4
16 7
16 24
17 4
17 20
18 5
19 15
20 0
20 9
20 14
20 17
20 18
20 29
21 5
22 30
23 8
24 7
25 6
26 4
26 21
27 8
28 1
28 5
28 10
28 11
28 12
28 13
28 14
28 15
28 16
28 17
29 23
30 25
31 6
32 6
33 29
34 19
35 7
36 23
37 18
37 23
38 31
39 27
40 7
40 13
40 18
41 8
42 2
42 30
42 31
43 7
43 17
43 18
44 6
45 4
45 22
45 23
46 4
47 4
48 6
48 21
49 3
50 6
51 5
52 6
53 5
54 23
55 4
56 2
56 9
56 25
57 5
57 7
58 5
59 6
60 7
61 5
62 6
63 25
64 7
65 7
65 18
66 0
66 1
66 27
67 9
68 4
68 23
69 15
69 31
