0 8
1 7
2 5
3 10
4 2
4 19
4 31
5 4
6 18
7 9
8 1
8 9
8 25
8 31
8 35
9 13
10 13
11 7
12 1
12 9
12 19
13 7
14 1
14 2
15 7
16 7
16 23
17 19
17 22
18 8
19 5
20 18
21 17
21 28
22 7
23 7
24 1
24 23
25 12
26 7
26 9
26 11
26 12
26 16
26 25
26 26
27 26
28 28
29 18
30 18
31 20
32 15
32 28
33 7
33 23
34 10
34 24
35 1
35 25
36 4
36 18
37 5
38 13
39 7
39 13
39 18
40 13
41 27
42 4
43 25
44 4
45 31
46 30
46 31
47 10
48 4
49 5
49 23
50 2
51 2
52 2
52 5
52 6
52 12
52 16
53 7
54 23
55 2
55 9
55 25
56 5
57 6
57 10
57 21
58 19
59 4
60 18
61 11
61 27
62 5
62 35
63 10
63 15
63 18
64 7
65 5
66 22
67 7
67 12
67 16
