0 23
1 1
2 5
2 6
2 17
3 28
4 8
5 15
5 31
6 12
6 16
7 1
8 23
9 5
9 12
9 16
10 8
11 2
12 8
13 12
13 16
14 4
15 17
16 21
16 22
17 8
18 6
19 19
19 31
20 0
20 9
20 14
20 17
20 18
20 29
21 18
21 23
22 23
23 7
23 18
23 31
24 7
25 27
26 13
27 8
28 4
29 5
30 4
31 1
32 4
33 18
34 18
35 2
35 6
36 20
36 27
36 31
37 2
37 7
38 8
38 23
39 25
40 7
40 18
41 25
42 4
43 6
43 18
44 7
44 10
45 28
46 5
47 7
48 5
49 10
49 13
50 5
51 7
52 15
53 4
54 18
54 23
55 7
56 27
57 7
57 18
58 10
59 20
60 22
61 1
61 2
61 6
62 1
63 4
63 7
64 12
64 16
65 0
65 14
65 18
66 3
66 7
67 7
67 9
68 1
69 22
70 23
71 5
72 6
73 7
73 25
74 5
74 19
74 27
75 18
75 23
76 30
77 23
78 24
79 4
79 7
79 9
79 10
79 13
79 18
80 10
81 0
82 7
82 23
83 7
84 7
85 10
86 10
86 15
86 17
87 10
87 21
88 7
89 22
90 18
90 23
91 23
92 10
93 7
93 10
93 18
93 23
94 13
95 28
96 1
97 29
98 5
99 29
100 4
101 4
102 10
103 27
104 2
105 12
105 16
105 18
105 23
106 6
107 11
108 29
109 7
110 7
111 3
111 7
112 4
113 3
114 23
115 7
115 8
115 14
116 4
116 12
116 16
117 7
117 18
118 4
119 7
120 7
120 18
121 7
122 7
122 24
123 4
123 13
123 31
123 34
124 3
124 25
125 4
125 22
126 1
127 11
128 1
129 9
129 12
129 16
130 2
130 7
131 28
131 31
132 4
133 18
133 23
134 24
134 29
135 2
136 7
136 18
137 7
138 19
139 18
139 30
140 10
141 1
141 7
142 29
143 21
144 7
145 28
146 2
147 12
147 16
147 32
148 5
149 7
150 5
151 17
152 22
152 23
152 24
152 29
153 13
154 5
155 29
156 0
156 13
156 23
157 2
158 6
159 5
160 7
160 18
161 7
162 23
163 37
164 28
165 4
166 2
166 22
167 4
168 2
168 20
169 18
169 23
170 29
171 4
172 1
172 5
172 9
173 4
174 2
174 4
175 1
176 20
177 12
177 16
178 4
179 30
180 31
181 1
182 23
