0 7
1 28
2 9
3 29
4 18
5 7
5 18
6 5
6 15
6 23
7 4
8 30
9 3
10 23
11 1
11 2
12 10
13 10
13 14
13 29
14 7
14 23
15 21
15 22
16 4
16 12
16 16
16 36
17 13
18 4
18 7
19 27
20 6
20 10
20 18
20 23
20 29
21 5
22 7
22 9
23 9
23 31
24 24
25 2
26 12
26 16
27 21
28 4
29 9
29 24
29 29
30 6
31 1
32 3
33 25
34 5
35 1
36 5
37 5
38 9
39 23
40 2
40 4
41 10
42 7
43 15
44 2
45 24
46 4
46 18
46 23
46 24
47 3
47 10
47 14
47 19
48 25
49 18
50 3
50 15
51 23
51 29
52 10
53 7
54 4
54 10
55 10
56 4
57 5
57 10
57 11
58 23
59 2
60 29
61 7
62 0
63 7
63 12
63 16
64 7
65 4
65 10
66 31
67 23
68 3
69 7
69 18
70 7
71 5
71 7
72 1
73 7
74 4
75 5
76 7
77 7
78 7
79 2
79 7
80 9
80 10
81 7
81 9
82 24
82 29
83 18
83 23
84 0
84 2
84 7
84 18
85 7
85 18
86 28
87 4
87 15
87 19
88 26
89 4
90 7
91 31
92 34
93 18
94 5
95 2
96 2
96 12
96 16
97 15
97 27
97 31
98 5
99 1
99 10
100 5
101 23
102 4
102 12
102 16
103 0
103 23
104 7
104 23
105 4
106 19
106 31
107 2
108 1
108 13
108 23
109 1
109 6
109 31
110 5
111 37
112 7
113 29
114 15
115 3
115 10
116 10
117 4
118 18
118 23
