0 1
1 7
2 4
2 18
2 21
3 10
4 0
4 5
5 8
5 18
6 5
6 6
6 17
7 15
7 31
8 12
8 16
9 10
10 5
10 12
10 16
11 10
11 18
11 23
12 5
13 2
14 7
15 27
15 28
16 26
17 3
17 22
18 7
18 23
19 18
19 23
20 7
20 18
21 17
21 28
22 7
22 35
23 5
24 8
25 8
26 5
27 4
27 18
28 23
29 17
29 23
30 15
30 17
31 4
32 31
33 34
34 0
34 8
34 25
34 32
35 18
36 13
37 9
37 24
37 29
38 4
39 4
40 8
40 23
41 13
41 21
42 36
43 3
44 25
45 6
45 18
46 4
47 5
48 0
48 10
48 18
48 23
49 15
50 5
51 17
52 9
53 17
54 20
55 5
56 4
57 1
57 6
57 15
58 7
59 23
60 10
60 15
60 18
61 7
61 18
62 30
62 31
63 5
64 4
65 19
66 4
66 9
67 1
67 9
67 25
67 31
67 35
68 20
69 5
69 8
69 30
70 31
71 9
72 9
73 9
74 10
75 10
76 1
76 7
77 24
78 5
79 5
80 10
80 15
80 18
81 10
82 15
82 32
83 4
84 1
84 35
85 2
86 6
87 3
87 4
87 12
87 16
88 2
88 7
89 32
90 10
91 10
91 15
91 17
92 7
92 13
92 18
93 14
93 20
94 23
95 2
95 5
95 6
96 10
97 26
98 15
99 23
100 9
101 6
101 7
102 5
102 20
102 27
103 5
103 35
104 29
105 5
106 0
106 21
106 23
107 4
108 1
109 4
110 7
110 9
110 26
111 7
111 18
111 28
112 7
112 18
112 19
113 7
114 5
114 6
114 30
114 33
115 4
116 7
116 19
117 4
117 23
118 7
118 8
118 14
119 4
120 4
120 12
120 16
121 9
122 1
123 31
124 7
125 4
125 7
125 18
126 3
126 18
127 2
128 7
129 18
130 18
130 23
131 7
132 24
132 29
133 18
134 35
135 35
136 7
137 10
138 4
139 19
140 7
141 12
141 16
142 5
143 18
143 19
143 23
144 7
145 4
146 2
147 6
147 15
147 28
148 4
149 5
149 27
149 28
150 15
150 27
150 31
151 4
151 7
152 5
153 22
153 23
153 24
153 29
154 25
155 5
156 5
157 3
157 18
158 17
159 2
160 14
161 5
161 7
161 18
162 4
163 1
163 30
164 5
164 8
165 17
166 24
167 29
168 2
168 5
168 14
169 7
169 8
169 25
169 27
169 28
169 32
170 23
171 1
171 2
171 15
172 18
172 23
173 6
174 13
175 4
175 5
175 23
176 6
177 19
177 31
178 5
179 1
180 7
180 8
180 12
181 1
182 1
183 1
183 13
183 23
184 13
185 30
186 2
186 4
187 31
188 2
189 1
190 7
191 8
191 23
192 4
193 10
193 33
194 31
195 17
196 3
196 7
197 2
197 13
197 28
198 18
