0 1
1 18
2 23
3 7
4 17
5 7
6 8
7 6
8 0
8 9
8 14
8 17
8 18
8 29
9 0
10 17
11 24
12 7
13 2
13 7
14 7
14 18
15 25
16 25
16 31
17 4
18 4
18 7
18 10
18 12
18 16
18 18
19 5
20 1
20 9
21 5
22 12
22 16
23 7
24 5
25 13
26 10
27 2
28 7
29 18
30 7
30 18
31 12
31 16
32 15
33 9
34 17
35 24
36 15
37 23
37 29
38 19
39 5
40 7
40 23
41 18
42 6
42 15
42 24
43 2
43 8
44 4
45 23
46 1
47 3
48 28
49 5
49 20
49 27
50 4
51 5
51 12
51 16
52 4
52 14
52 19
52 25
53 4
54 25
55 6
56 4
57 8
58 18
59 29
60 25
61 15
61 23
62 7
62 27
63 18
64 1
65 19
66 7
67 6
68 15
68 18
69 7
70 28
71 7
72 18
73 4
74 20
75 0
75 13
75 23
76 31
77 2
78 18
79 17
80 6
81 29
82 5
83 4
83 5
83 23
84 5
84 13
84 20
85 6
85 10
85 18
85 23
86 1
86 5
86 9
87 1
88 7
88 18
89 3
90 29
91 29
92 18
93 7
