0 1
1 4
2 1
3 3
4 2
5 2
6 1
7 4
8 2
9 6
10 4
11 1
12 3
13 4
14 3
15 4
16 3
17 5
18 1
19 1
20 1
21 4
22 4
23 3
24 4
25 5
26 3
27 1
28 4
29 5
30 5
31 5
32 5
33 1
34 4
35 1
36 2
37 4
38 1
39 1
40 1
41 1
42 1
43 1
44 1
45 1
46 1
47 1
48 4
49 1
50 4
51 4
52 1
53 6
54 4
55 3
56 5
57 3
58 4
59 1
60 3
61 6
62 4
63 2
64 1
65 4
66 4
67 4
68 3
69 4
70 1
71 1
72 1
73 3
74 5
75 1
76 1
77 5
78 5
79 4
80 3
81 1
82 4
83 5
84 1
85 4
86 3
87 2
88 4
89 1
90 5
91 6
92 1
93 4
94 4
95 4
96 5
97 2
98 4
99 1
100 4
101 1
102 5
103 4
104 1
105 4
106 4
107 4
108 3
109 1
110 1
111 1
112 3
113 2
114 1
115 1
116 1
117 4
118 1
119 3
120 1
121 4
122 5
123 2
124 1
125 2
126 4
127 3
128 6
129 5
130 1
131 1
132 1
133 2
134 6
135 1
136 1
137 1
138 1
139 2
140 1
141 1
142 6
143 1
144 1
145 1
146 4
147 1
148 3
149 3
150 4
151 4
152 4
153 4
154 4
155 4
156 4
157 1
158 5
159 1
160 6
161 5
162 1
163 3
164 1
165 1
166 4
167 3
168 6
169 1
170 1
171 5
172 2
173 1
174 5
175 4
176 1
177 4
178 5
179 4
180 1
181 4
182 5
183 4
184 1
185 1
186 1
187 1
188 4
189 1
190 5
191 1
192 1
193 4
194 6
195 1
196 1
197 1
198 1
199 4
200 2
201 1
202 1
203 1
204 4
205 4
206 6
207 1
208 1
209 6
210 1
211 4
212 4
213 1
214 5
215 4
216 2
217 5
218 4
219 4
220 4
221 4
222 4
223 4
224 6
225 1
226 4
227 4
228 1
229 1
230 4
231 4
232 4
233 4
234 4
235 4
236 1
237 3
238 1
239 1
240 1
241 1
242 5
243 4
244 1
245 1
246 1
247 4
248 6
249 1
250 4
251 1
252 4
253 4
254 1
255 4
256 4
257 1
258 4
259 1
260 4
261 5
262 2
263 1
264 4
265 5
266 4
267 5
268 2
269 2
270 1
271 5
272 2
273 5
274 4
275 4
276 1
277 5
278 6
279 2
280 1
281 1
282 2
283 5
284 5
285 5
286 1
287 2
288 2
289 2
290 4
291 4
292 6
293 2
294 4
295 4
296 5
297 2
298 4
299 6
300 3
301 4
302 4
303 4
304 5
305 1
306 1
307 3
308 6
309 4
310 3
311 1
312 1
313 1
314 1
315 1
316 4
317 4
318 1
319 1
320 4
321 4
322 1
323 3
324 3
325 3
326 3
327 2
328 2
329 2
330 3
331 4
332 1
333 1
334 4
335 4
336 1
337 5
338 1
339 1
340 1
341 4
342 6
343 1
344 1
345 1
346 1
347 1
348 4
349 1
350 1
351 3
352 3
353 3
354 4
355 4
356 4
357 6
358 6
359 1
360 1
361 3
362 4
363 4
364 4
365 4
366 1
367 1
368 1
369 6
370 3
371 4
372 1
373 4
374 3
375 3
376 3
377 3
378 1
379 5
380 6
381 4
382 3
383 3
384 1
385 1
386 1
387 1
388 1
389 4
390 4
391 4
392 1
393 1
394 2
395 6
396 6
397 6
398 1
399 1
400 1
401 1
402 1
403 1
404 1
405 4
406 5
407 4
408 1
409 1
410 1
411 1
412 6
413 4
414 6
415 1
416 1
417 1
418 4
419 4
420 3
421 4
422 3
423 1
424 1
425 1
426 4
427 4
428 5
429 5
430 2
431 6
432 6
433 1
434 1
435 1
436 4
437 4
438 4
439 4
440 3
441 4
442 3
443 4
444 4
445 5
446 4
447 1
448 3
449 3
450 4
451 5
452 1
453 1
454 4
455 4
456 5
457 5
458 4
459 4
460 3
461 4
462 4
463 1
464 6
465 6
466 1
467 4
468 4
469 4
470 4
471 1
472 4
473 5
474 4
475 4
476 4
477 1
478 5
479 1
480 4
481 4
482 4
483 1
484 4
485 1
486 1
487 1
488 1
489 5
490 6
491 1
492 1
493 1
494 1
495 1
496 1
497 5
498 1
499 1
500 4
501 4
502 4
503 1
504 5
505 1
506 4
507 4
508 1
509 4
510 1
511 3
512 3
513 1
514 1
515 4
516 4
517 3
518 1
519 1
520 4
521 4
522 4
523 3
524 4
525 1
526 1
527 1
528 1
529 1
530 1
531 5
532 5
533 4
534 1
535 5
536 4
537 4
538 2
539 4
540 1
541 6
542 2
543 3
544 1
545 4
546 1
547 4
548 4
549 4
550 3
551 5
552 4
553 4
554 3
555 4
556 4
557 6
558 4
559 5
560 5
561 6
562 1
563 6
564 4
565 5
566 1
567 1
568 1
569 4
570 4
571 4
572 4
573 4
574 4
575 2
576 3
577 1
578 4
579 4
580 6
581 1
582 1
583 1
584 4
585 1
586 3
587 1
588 4
589 2
590 4
591 1
592 1
593 1
594 1
595 4
596 4
597 4
598 1
599 5
600 4
601 1
602 1
603 1
604 1
605 1
606 4
607 4
608 6
609 1
610 1
611 1
612 2
613 2
614 4
615 5
616 1
617 4
618 1
619 1
620 1
621 1
622 1
623 1
624 3
625 2
626 6
627 3
628 1
629 1
630 1
631 4
632 4
633 6
634 4
635 3
636 3
637 4
638 4
639 1
640 1
641 1
642 2
643 3
644 4
645 1
646 4
647 1
648 1
649 1
650 2
651 6
652 1
653 4
654 1
655 6
656 4
657 1
658 1
659 1
660 6
661 1
662 5
663 4
664 1
665 1
666 4
667 4
668 4
669 1
670 5
671 4
672 1
673 1
674 1
675 3
676 1
677 3
678 4
679 6
680 1
681 4
682 4
683 4
684 4
685 4
686 4
687 5
688 1
689 1
690 1
691 5
692 4
693 6
694 2
695 4
696 4
697 4
698 4
699 4
700 3
701 1
702 6
703 6
704 4
705 4
706 4
707 3
708 3
709 4
710 3
711 5
712 4
713 6
714 6
715 4
716 1
717 1
718 1
719 1
720 1
721 2
722 2
723 4
724 1
725 4
726 4
727 1
728 1
729 1
730 5
731 1
732 1
733 1
734 1
735 1
736 4
737 2
738 5
739 1
740 4
741 3
742 4
743 4
744 4
745 4
746 4
747 4
748 1
749 1
750 1
751 1
752 5
753 4
754 3
755 1
756 1
757 1
758 1
759 1
760 3
761 4
762 1
763 3
764 6
765 1
766 4
767 5
768 5
769 4
770 4
771 4
772 3
773 1
774 3
775 4
776 1
777 4
778 3
779 3
780 5
781 3
782 3
783 1
784 1
785 1
786 1
787 2
788 1
789 4
790 1
791 5
792 1
793 6
794 1
795 4
796 5
797 4
798 4
799 5
800 5
801 4
802 4
803 4
804 1
805 1
806 1
807 1
808 6
809 1
810 4
811 5
812 1
813 1
814 1
815 1
816 6
817 4
818 6
819 1
820 1
821 5
822 1
823 4
824 2
825 4
826 4
827 4
828 3
829 5
830 5
831 5
832 1
833 1
834 1
835 1
836 2
837 4
838 1
839 4
840 4
841 1
842 4
843 3
844 1
845 1
846 1
847 1
848 1
849 6
850 6
851 6
852 1
853 1
854 2
855 6
856 6
857 5
858 1
859 1
860 5
861 1
862 1
863 1
864 1
865 3
866 1
867 1
868 6
869 4
870 1
871 4
872 1
873 1
874 4
875 1
876 3
877 1
878 3
879 5
880 4
881 4
882 5
883 1
884 5
885 5
886 4
887 2
888 2
889 5
890 1
891 1
892 3
893 5
894 3
895 5
896 1
897 4
898 1
899 4
900 4
901 4
902 4
903 4
904 4
905 1
906 6
907 5
908 4
909 4
910 2
911 5
912 4
913 6
914 2
915 3
916 4
917 1
918 4
919 4
920 4
921 1
922 5
923 1
924 6
925 6
926 1
927 4
928 1
929 1
930 1
931 1
932 4
933 1
934 1
935 1
936 1
937 1
938 2
939 1
940 1
941 1
942 6
943 1
944 4
945 3
946 2
947 2
948 1
949 1
950 4
951 4
952 1
953 1
954 4
955 1
956 4
957 1
958 3
959 6
960 1
961 5
962 1
963 1
964 2
965 4
966 6
967 6
968 1
969 3
970 3
971 1
972 4
973 1
974 4
975 4
976 3
977 1
978 1
979 1
980 1
981 1
982 1
983 2
984 1
985 4
986 1
987 1
988 1
989 5
990 4
991 5
992 1
993 1
994 1
995 5
996 4
997 4
998 4
999 3
1000 1
1001 1
1002 4
1003 4
1004 4
1005 4
1006 4
1007 1
1008 1
1009 5
1010 4
1011 3
1012 5
1013 3
1014 3
1015 2
1016 5
1017 5
1018 1
1019 3
1020 4
1021 3
1022 1
1023 2
1024 5
1025 5
1026 3
1027 3
1028 2
1029 6
1030 1
1031 5
1032 5
1033 3
1034 4
1035 3
1036 3
1037 5
1038 3
1039 3
1040 3
1041 3
1042 2
1043 6
1044 3
1045 3
1046 3
1047 5
1048 6
1049 5
1050 5
1051 3
1052 5
1053 3
1054 5
1055 3
1056 5
1057 3
1058 4
1059 4
1060 5
1061 6
1062 1
1063 5
1064 3
1065 3
1066 1
1067 3
1068 5
1069 5
1070 4
1071 2
1072 4
1073 3
1074 1
1075 3
1076 1
1077 5
1078 3
1079 5
1080 3
1081 1
1082 5
1083 3
1084 1
1085 3
1086 3
1087 3
1088 5
1089 1
1090 5
1091 6
1092 5
1093 6
1094 6
1095 3
1096 5
1097 3
1098 3
1099 3
1100 1
1101 2
1102 3
1103 3
1104 3
1105 6
1106 3
1107 5
1108 5
1109 2
1110 6
1111 4
1112 4
1113 3
1114 3
1115 5
1116 3
1117 2
1118 6
1119 3
1120 5
1121 6
1122 3
1123 1
1124 3
1125 6
1126 5
1127 5
1128 4
1129 3
1130 3
1131 2
1132 3
1133 3
1134 5
1135 3
1136 5
1137 5
1138 3
1139 3
1140 5
1141 4
1142 5
1143 3
1144 5
1145 3
1146 6
1147 3
1148 6
1149 3
1150 5
1151 2
1152 4
1153 5
1154 5
1155 6
1156 3
1157 2
1158 3
1159 5
1160 3
1161 5
1162 4
1163 5
1164 4
1165 5
1166 4
1167 3
1168 5
1169 5
1170 3
1171 3
1172 5
1173 3
1174 4
1175 6
1176 5
1177 3
1178 2
1179 6
1180 6
1181 4
1182 6
1183 6
1184 5
1185 6
1186 5
1187 3
1188 4
1189 3
1190 2
1191 5
1192 5
1193 3
1194 4
1195 6
1196 4
1197 3
1198 6
1199 6
1200 4
1201 5
1202 1
1203 3
1204 4
1205 5
1206 4
1207 3
1208 1
1209 4
1210 2
1211 6
1212 6
1213 1
1214 6
1215 6
1216 4
1217 2
1218 6
1219 4
1220 6
1221 6
1222 3
1223 4
1224 5
1225 3
1226 4
1227 4
1228 4
1229 6
1230 1
1231 4
1232 6
1233 3
1234 2
1235 4
1236 4
1237 1
1238 4
1239 3
1240 6
1241 4
1242 5
1243 3
1244 4
1245 3
1246 4
1247 3
1248 3
1249 6
1250 3
1251 5
1252 3
1253 3
1254 4
1255 6
1256 6
1257 2
1258 3
1259 3
1260 6
1261 4
1262 6
1263 6
1264 4
1265 3
1266 5
1267 6
1268 5
1269 4
1270 4
1271 5
1272 3
1273 6
1274 5
1275 5
1276 4
1277 6
1278 4
1279 4
1280 4
1281 4
1282 6
1283 3
1284 1
1285 5
1286 3
1287 4
1288 6
1289 6
1290 6
1291 3
1292 3
1293 5
1294 2
1295 6
1296 6
1297 6
1298 6
1299 3
1300 6
1301 5
1302 4
1303 6
1304 3
1305 6
1306 3
1307 5
1308 3
1309 5
1310 4
1311 5
1312 5
1313 5
1314 6
1315 5
1316 5
1317 3
1318 3
1319 4
1320 5
1321 6
1322 6
1323 4
1324 5
1325 1
1326 5
1327 4
1328 4
1329 6
1330 6
1331 4
1332 4
1333 4
1334 6
1335 6
1336 4
1337 6
1338 6
1339 5
1340 1
1341 6
1342 4
1343 6
1344 3
1345 2
1346 4
1347 5
1348 4
1349 3
1350 2
1351 5
1352 2
1353 2
1354 5
1355 2
1356 5
1357 5
1358 6
1359 3
1360 5
1361 5
1362 5
1363 5
1364 5
1365 2
1366 5
1367 5
1368 3
1369 5
1370 3
1371 4
1372 5
1373 5
1374 6
1375 5
1376 2
1377 5
1378 4
1379 6
1380 4
1381 2
1382 5
1383 2
1384 4
1385 1
1386 3
1387 3
1388 3
1389 3
1390 3
1391 3
1392 4
1393 3
1394 4
1395 5
1396 5
1397 2
1398 3
1399 3
1400 3
1401 3
1402 3
1403 5
1404 5
1405 5
1406 5
1407 4
1408 3
1409 2
1410 1
1411 2
1412 2
1413 3
1414 3
1415 6
1416 4
1417 1
1418 6
1419 6
1420 6
1421 4
1422 3
1423 3
1424 3
1425 5
1426 5
1427 4
1428 2
1429 6
1430 6
1431 6
1432 6
1433 6
1434 1
1435 5
1436 3
1437 3
1438 5
1439 3
1440 2
1441 3
1442 3
1443 6
1444 6
1445 6
1446 3
1447 3
1448 5
1449 6
1450 6
1451 4
1452 6
1453 6
1454 6
1455 5
1456 2
1457 4
1458 6
1459 2
1460 6
1461 4
1462 6
1463 3
1464 4
1465 3
1466 6
1467 6
1468 4
1469 3
1470 3
1471 4
1472 3
1473 2
1474 1
1475 3
1476 3
1477 3
1478 3
1479 6
1480 5
1481 6
1482 3
1483 5
1484 6
1485 6
1486 2
1487 6
1488 3
1489 5
1490 5
1491 3
1492 5
1493 1
1494 3
1495 3
1496 3
1497 6
1498 6
1499 6
1500 2
1501 6
1502 3
1503 3
1504 3
1505 3
1506 5
1507 4
1508 5
1509 5
1510 2
1511 4
1512 5
1513 4
1514 6
1515 6
1516 1
1517 4
1518 5
1519 5
1520 5
1521 3
1522 4
1523 1
1524 3
1525 3
1526 6
1527 3
1528 3
1529 3
1530 2
1531 2
1532 3
1533 3
1534 3
1535 3
1536 6
1537 6
1538 6
1539 4
1540 3
1541 3
1542 3
1543 3
1544 5
1545 6
1546 6
1547 3
1548 6
1549 4
1550 6
1551 3
1552 3
1553 5
1554 5
1555 2
1556 2
1557 5
1558 3
1559 5
1560 2
1561 5
1562 1
1563 1
1564 4
1565 5
1566 3
1567 6
1568 6
1569 3
1570 5
1571 6
1572 1
1573 2
1574 6
1575 3
1576 6
1577 5
1578 6
1579 5
1580 5
1581 5
1582 4
1583 4
1584 4
1585 6
1586 6
1587 5
1588 4
1589 4
1590 5
1591 5
1592 5
1593 4
1594 4
1595 3
1596 3
1597 3
1598 3
1599 6
1600 3
1601 3
1602 3
1603 3
1604 3
1605 6
1606 5
1607 3
1608 6
1609 3
1610 3
1611 3
1612 3
1613 6
1614 6
1615 5
1616 3
1617 1
1618 3
1619 3
1620 5
1621 5
1622 6
1623 5
1624 4
1625 5
1626 3
1627 5
1628 3
1629 3
1630 3
1631 4
1632 3
1633 5
1634 2
1635 3
1636 5
1637 5
1638 4
1639 5
1640 4
1641 6
1642 3
1643 3
1644 6
1645 4
1646 4
1647 5
1648 1
1649 5
1650 2
1651 6
1652 6
1653 5
1654 5
1655 3
1656 4
1657 3
1658 4
1659 5
1660 4
1661 5
1662 5
1663 4
1664 4
1665 6
1666 6
1667 6
1668 3
1669 3
1670 6
1671 1
1672 6
1673 4
1674 4
1675 3
1676 5
1677 5
1678 3
1679 6
1680 3
1681 3
1682 5
1683 3
1684 3
1685 5
1686 3
1687 5
1688 2
1689 3
1690 2
1691 3
1692 5
1693 5
1694 6
1695 4
1696 5
1697 3
1698 6
1699 6
1700 6
1701 6
1702 6
1703 3
1704 6
1705 6
1706 5
1707 6
1708 6
1709 6
1710 4
1711 5
1712 5
1713 5
1714 4
1715 6
1716 3
1717 5
1718 1
1719 3
1720 4
1721 3
1722 5
1723 5
1724 5
1725 2
1726 3
1727 5
1728 5
1729 5
1730 5
1731 5
1732 5
1733 5
1734 5
1735 6
1736 4
1737 4
1738 5
1739 5
1740 5
1741 5
1742 2
1743 3
1744 4
1745 6
1746 3
1747 3
1748 4
1749 4
1750 2
1751 6
1752 3
1753 2
1754 1
1755 5
1756 6
1757 4
1758 3
1759 3
1760 6
1761 6
1762 4
1763 5
1764 5
1765 3
1766 1
1767 1
1768 6
1769 3
1770 6
1771 3
1772 3
1773 6
1774 4
1775 5
1776 4
1777 1
1778 4
1779 6
1780 6
1781 3
1782 5
1783 4
1784 5
1785 3
1786 2
1787 6
1788 6
1789 6
1790 5
1791 4
1792 5
1793 3
1794 4
1795 2
1796 3
1797 3
1798 5
1799 3
1800 6
1801 4
1802 4
1803 3
1804 5
1805 6
1806 3
1807 3
1808 3
1809 5
1810 5
1811 3
1812 3
1813 6
1814 6
1815 4
1816 5
1817 5
1818 5
1819 6
1820 5
1821 6
1822 3
1823 4
1824 3
1825 6
1826 4
1827 3
1828 6
1829 6
1830 6
1831 6
1832 6
1833 6
1834 5
1835 6
1836 1
1837 1
1838 1
1839 6
1840 6
1841 3
1842 1
1843 1
1844 4
1845 3
1846 4
1847 6
1848 6
1849 5
1850 4
1851 2
1852 2
1853 2
1854 3
1855 6
1856 2
1857 4
1858 3
1859 5
1860 3
1861 3
1862 1
1863 5
1864 6
1865 6
1866 6
1867 5
1868 2
1869 3
1870 5
1871 6
1872 6
1873 1
1874 3
1875 1
1876 3
1877 4
1878 4
1879 3
1880 6
1881 1
1882 1
1883 6
1884 6
1885 4
1886 2
1887 3
1888 3
1889 4
1890 3
1891 4
1892 4
1893 4
1894 6
1895 6
1896 3
1897 1
1898 5
1899 5
1900 6
1901 4
1902 3
1903 3
1904 3
1905 3
1906 3
1907 2
1908 3
1909 6
1910 6
1911 6
1912 5
1913 5
1914 4
1915 6
1916 5
1917 3
1918 6
1919 6
1920 3
1921 3
1922 6
1923 3
1924 5
1925 3
1926 1
1927 5
1928 1
1929 1
1930 4
1931 4
1932 3
1933 6
1934 5
1935 5
1936 3
1937 6
1938 6
1939 5
1940 5
1941 4
1942 4
1943 3
1944 4
1945 2
1946 6
1947 6
1948 6
1949 4
1950 5
1951 3
1952 3
1953 6
1954 5
1955 5
1956 5
1957 6
1958 2
1959 5
1960 3
1961 5
1962 4
1963 5
1964 5
1965 5
1966 5
1967 6
1968 5
1969 4
1970 2
1971 5
1972 4
1973 6
1974 2
1975 1
1976 1
1977 3
1978 5
1979 3
1980 3
1981 3
1982 4
1983 3
1984 4
1985 2
1986 2
1987 6
1988 5
1989 5
1990 5
1991 4
1992 4
1993 6
1994 6
1995 6
1996 6
1997 6
1998 6
1999 6
2000 5
2001 6
2002 6
2003 3
2004 3
2005 1
2006 2
2007 5
2008 5
2009 4
2010 4
2011 4
2012 5
2013 5
2014 3
2015 3
2016 6
2017 4
2018 6
2019 5
2020 5
2021 2
2022 2
2023 5
2024 4
2025 6
2026 6
2027 3
2028 4
2029 3
2030 3
2031 1
2032 6
2033 5
2034 3
2035 4
2036 5
2037 4
2038 3
2039 3
2040 3
2041 6
2042 6
2043 6
2044 3
2045 6
2046 3
2047 6
2048 6
2049 6
2050 3
2051 3
2052 3
2053 6
2054 5
2055 6
2056 6
2057 4
2058 4
2059 4
2060 4
2061 4
2062 5
2063 6
2064 6
2065 4
2066 3
2067 6
2068 5
2069 5
2070 1
2071 3
2072 6
2073 5
2074 5
2075 2
2076 5
2077 4
2078 1
2079 1
2080 5
2081 1
2082 4
2083 4
2084 6
2085 3
2086 2
2087 6
2088 5
2089 4
2090 6
2091 6
2092 3
2093 3
2094 3
2095 5
2096 4
2097 3
2098 3
2099 3
2100 3
2101 6
2102 6
2103 6
2104 6
2105 6
2106 6
2107 3
2108 5
2109 1
2110 4
2111 3
2112 4
2113 6
2114 6
2115 6
2116 6
2117 3
2118 6
2119 6
2120 4
2121 2
2122 5
2123 5
2124 5
2125 5
2126 1
2127 5
2128 3
2129 1
2130 3
2131 3
2132 3
2133 5
2134 2
2135 2
2136 2
2137 6
2138 4
2139 1
2140 6
2141 4
2142 4
2143 6
2144 4
2145 3
2146 4
2147 3
2148 5
2149 4
2150 1
2151 5
2152 5
2153 4
2154 4
2155 3
2156 3
2157 3
2158 3
2159 3
2160 3
2161 3
2162 5
2163 5
2164 5
2165 5
2166 5
2167 6
2168 5
2169 5
2170 2
2171 1
2172 3
2173 4
2174 2
2175 5
2176 3
2177 1
2178 2
2179 1
2180 4
2181 4
2182 6
2183 2
2184 5
2185 3
2186 5
2187 5
2188 2
2189 2
2190 2
2191 5
2192 1
2193 5
2194 3
2195 5
2196 3
2197 3
2198 5
2199 1
2200 5
2201 5
2202 5
2203 3
2204 3
2205 4
2206 5
2207 3
2208 3
2209 3
2210 1
2211 3
2212 3
2213 3
2214 4
2215 5
2216 1
2217 5
2218 3
2219 1
2220 5
2221 1
2222 2
2223 3
2224 3
2225 3
2226 5
2227 4
2228 1
2229 4
2230 5
2231 4
2232 6
2233 3
2234 3
2235 4
2236 5
2237 3
2238 2
2239 5
2240 3
2241 3
2242 3
2243 6
2244 6
2245 3
2246 3
2247 3
2248 4
2249 6
2250 3
2251 6
2252 3
2253 3
2254 5
2255 4
2256 5
2257 5
2258 5
2259 3
2260 3
2261 2
2262 5
2263 5
2264 3
2265 5
2266 3
2267 6
2268 3
2269 2
2270 1
2271 3
2272 2
2273 1
2274 3
2275 6
2276 1
2277 5
2278 1
2279 3
2280 6
2281 4
2282 4
2283 3
2284 6
2285 5
2286 4
2287 3
2288 4
2289 5
2290 2
2291 5
2292 3
2293 3
2294 3
2295 3
2296 5
2297 3
2298 3
2299 5
2300 1
2301 5
2302 3
2303 5
2304 4
2305 2
2306 2
2307 3
2308 5
2309 6
2310 5
2311 3
2312 5
2313 3
2314 5
2315 5
2316 4
2317 4
2318 2
2319 3
2320 3
2321 1
2322 3
2323 6
2324 6
2325 6
2326 3
2327 4
2328 1
2329 4
2330 3
2331 3
2332 2
2333 6
2334 6
2335 1
2336 3
2337 3
2338 1
2339 3
2340 2
2341 1
2342 4
2343 3
2344 1
2345 6
2346 4
2347 1
2348 4
2349 5
2350 4
2351 4
2352 2
2353 5
2354 5
2355 6
2356 5
2357 3
2358 4
2359 5
2360 5
2361 6
2362 3
2363 5
2364 1
2365 5
2366 6
2367 6
2368 1
2369 4
2370 4
2371 1
2372 6
2373 5
2374 3
2375 1
2376 5
2377 6
2378 5
2379 2
2380 6
2381 5
2382 6
2383 4
2384 4
2385 4
2386 6
2387 4
2388 5
2389 6
2390 4
2391 3
2392 4
2393 3
2394 2
2395 6
2396 6
2397 6
2398 6
2399 3
2400 5
2401 3
2402 6
2403 5
2404 5
2405 1
2406 3
2407 3
2408 6
2409 6
2410 6
2411 4
2412 6
2413 1
2414 5
2415 6
2416 5
2417 1
2418 1
2419 5
2420 1
2421 6
2422 6
2423 1
2424 4
2425 1
2426 1
2427 1
2428 4
2429 3
2430 2
2431 1
2432 4
2433 3
2434 6
2435 4
2436 1
2437 1
2438 3
2439 5
2440 6
2441 5
2442 4
2443 6
2444 2
2445 4
2446 4
2447 1
2448 4
2449 5
2450 5
2451 1
2452 5
2453 2
2454 6
2455 4
2456 3
2457 6
2458 3
2459 5
2460 3
2461 2
2462 4
2463 5
2464 4
2465 3
2466 1
2467 3
2468 3
2469 1
2470 5
2471 3
2472 3
2473 3
2474 5
2475 4
2476 5
2477 5
2478 5
2479 2
2480 2
2481 3
2482 2
2483 4
2484 3
2485 2
2486 3
2487 5
2488 4
2489 5
2490 4
2491 3
2492 3
2493 5
2494 4
2495 4
2496 6
2497 2
2498 2
2499 6
2500 6
2501 3
2502 4
2503 3
2504 3
2505 2
2506 4
2507 4
2508 5
2509 4
2510 3
2511 3
2512 1
2513 1
2514 1
2515 3
2516 3
2517 3
2518 3
2519 2
2520 1
2521 4
2522 4
2523 1
2524 1
2525 2
2526 2
2527 3
2528 4
2529 6
2530 6
2531 3
2532 6
2533 1
2534 6
2535 3
2536 3
2537 4
2538 6
2539 5
2540 3
2541 2
2542 2
2543 4
2544 2
2545 3
2546 3
2547 2
2548 6
2549 4
2550 4
2551 3
2552 6
2553 4
2554 1
2555 6
2556 4
2557 3
2558 3
2559 3
2560 5
2561 3
2562 3
2563 3
2564 3
2565 3
2566 4
2567 3
2568 2
2569 6
2570 5
2571 3
2572 3
2573 3
2574 4
2575 3
2576 5
2577 5
2578 3
2579 3
2580 3
2581 5
2582 1
2583 1
2584 5
2585 1
2586 3
2587 6
2588 3
2589 3
2590 2
2591 1
2592 1
2593 1
2594 1
2595 1
2596 1
2597 3
2598 3
2599 2
2600 5
2601 3
2602 3
2603 3
2604 6
2605 5
2606 5
2607 6
2608 5
2609 3
2610 4
2611 4
2612 2
2613 2
2614 2
2615 4
2616 5
2617 5
2618 2
2619 3
2620 5
2621 5
2622 5
2623 1
2624 5
2625 3
2626 3
2627 2
2628 3
2629 2
2630 3
2631 5
2632 5
2633 3
2634 3
2635 3
2636 3
2637 1
2638 4
2639 6
2640 3
2641 1
2642 5
2643 4
2644 5
2645 4
2646 6
2647 3
2648 3
2649 5
2650 4
2651 4
2652 6
2653 3
2654 5
2655 5
2656 1
2657 5
2658 4
2659 3
2660 3
2661 3
2662 5
2663 5
2664 5
2665 4
2666 4
2667 5
2668 3
2669 2
2670 1
2671 1
2672 3
2673 3
2674 5
2675 1
2676 3
2677 1
2678 4
2679 6
2680 5
2681 3
2682 3
2683 5
2684 3
2685 2
2686 3
2687 6
2688 1
2689 1
2690 6
2691 6
2692 4
2693 1
2694 3
2695 2
2696 3
2697 3
2698 1
2699 5
2700 3
2701 6
2702 2
2703 4
2704 3
2705 1
2706 6
2707 3
2708 3
2709 4
2710 6
2711 4
2712 6
2713 3
2714 5
2715 4
2716 4
2717 4
2718 6
2719 6
2720 3
2721 6
2722 5
2723 6
2724 6
2725 6
2726 6
2727 6
2728 2
2729 3
2730 3
2731 3
2732 5
2733 5
2734 4
2735 5
2736 3
2737 2
2738 4
2739 5
2740 5
2741 1
2742 1
2743 3
2744 4
2745 4
2746 6
2747 6
2748 5
2749 4
2750 4
2751 4
2752 5
2753 4
2754 6
2755 6
2756 1
2757 5
2758 5
2759 3
2760 1
2761 4
2762 5
2763 4
2764 5
2765 4
2766 6
2767 2
2768 6
2769 5
2770 6
2771 6
2772 5
2773 5
2774 2
2775 2
2776 2
2777 1
2778 4
2779 4
2780 2
2781 4
2782 1
2783 4
2784 4
2785 1
2786 4
2787 3
2788 3
2789 6
2790 3
2791 1
2792 6
2793 6
2794 2
2795 6
2796 6
2797 6
2798 6
2799 3
2800 3
2801 3
2802 4
2803 6
2804 5
2805 6
2806 6
2807 6
2808 1
2809 1
2810 5
2811 5
2812 2
2813 5
2814 4
2815 6
2816 5
2817 5
2818 5
2819 1
2820 1
2821 3
2822 3
2823 4
2824 2
2825 2
2826 6
2827 4
2828 6
2829 6
2830 3
2831 6
2832 6
2833 6
2834 4
2835 5
2836 5
2837 4
2838 1
2839 6
2840 4
2841 4
2842 6
2843 4
2844 5
2845 4
2846 3
2847 3
2848 2
2849 4
2850 4
2851 6
2852 1
2853 6
2854 6
2855 6
2856 6
2857 4
2858 3
2859 4
2860 4
2861 2
2862 6
2863 1
2864 6
2865 5
2866 3
2867 3
2868 3
2869 4
2870 4
2871 5
2872 3
2873 1
2874 4
2875 1
2876 1
2877 3
2878 3
2879 3
2880 3
2881 4
2882 5
2883 6
2884 5
2885 4
2886 5
2887 1
2888 5
2889 5
2890 5
2891 4
2892 5
2893 2
2894 2
2895 2
2896 5
2897 6
2898 6
2899 5
2900 3
2901 1
2902 3
2903 3
2904 3
2905 5
2906 5
2907 5
2908 3
2909 4
2910 4
2911 3
2912 4
2913 3
2914 3
2915 5
2916 3
2917 3
2918 5
2919 3
2920 3
2921 5
2922 3
2923 3
2924 3
2925 5
2926 6
2927 6
2928 3
2929 6
2930 6
2931 4
2932 6
2933 2
2934 3
2935 3
2936 2
2937 3
2938 5
2939 4
2940 6
2941 5
2942 5
2943 6
2944 6
2945 4
2946 1
2947 1
2948 1
2949 1
2950 5
2951 2
2952 3
2953 5
2954 2
2955 3
2956 1
2957 2
2958 2
2959 6
2960 4
2961 3
2962 2
2963 6
2964 6
2965 6
2966 5
2967 4
2968 4
2969 6
2970 6
2971 4
2972 1
2973 4
2974 4
2975 2
2976 4
2977 3
2978 5
2979 1
2980 3
2981 4
2982 4
2983 3
2984 2
2985 3
2986 3
2987 4
2988 5
2989 3
2990 6
2991 6
2992 1
2993 4
2994 4
2995 2
2996 3
2997 6
2998 6
2999 5
3000 5
3001 6
3002 2
3003 3
3004 6
3005 3
3006 6
3007 1
3008 1
3009 1
3010 3
3011 3
3012 3
3013 3
3014 6
3015 6
3016 1
3017 4
3018 6
3019 2
3020 2
3021 2
3022 2
3023 5
3024 2
3025 2
3026 5
3027 3
3028 3
3029 6
3030 5
3031 5
3032 6
3033 5
3034 1
3035 2
3036 3
3037 4
3038 3
3039 3
3040 6
3041 6
3042 6
3043 6
3044 5
3045 2
3046 5
3047 3
3048 5
3049 5
3050 5
3051 6
3052 6
3053 1
3054 6
3055 5
3056 5
3057 6
3058 6
3059 6
3060 5
3061 1
3062 2
3063 6
3064 1
3065 5
3066 5
3067 6
3068 2
3069 2
3070 2
3071 1
3072 4
3073 4
3074 2
3075 6
3076 6
3077 6
3078 4
3079 4
3080 6
3081 1
3082 5
3083 6
3084 5
3085 4
3086 6
3087 6
3088 3
3089 6
3090 6
3091 4
3092 3
3093 3
3094 6
3095 2
3096 3
3097 3
3098 2
3099 3
3100 3
3101 4
3102 1
3103 1
3104 1
3105 1
3106 1
3107 1
3108 4
3109 5
3110 1
3111 3
3112 2
3113 5
3114 3
3115 3
3116 3
3117 4
3118 5
3119 2
3120 5
3121 5
3122 1
3123 1
3124 4
3125 1
3126 3
3127 4
3128 3
3129 4
3130 3
3131 3
3132 6
3133 6
3134 1
3135 4
3136 6
3137 3
3138 2
3139 1
3140 6
3141 4
3142 5
3143 5
3144 4
3145 4
3146 3
3147 4
3148 3
3149 3
3150 5
3151 2
3152 5
3153 3
3154 3
3155 1
3156 1
3157 5
3158 5
3159 1
3160 3
3161 4
3162 6
3163 3
3164 5
3165 2
3166 5
3167 5
3168 3
3169 5
3170 4
3171 5
3172 6
3173 5
3174 5
3175 1
3176 3
3177 4
3178 6
3179 6
3180 6
3181 3
3182 5
3183 5
3184 3
3185 1
3186 1
3187 2
3188 5
3189 4
3190 3
3191 3
3192 3
3193 1
3194 2
3195 2
3196 6
3197 5
3198 5
3199 5
3200 3
3201 4
3202 6
3203 5
3204 5
3205 4
3206 5
3207 5
3208 4
3209 2
3210 6
3211 3
3212 6
3213 3
3214 3
3215 1
3216 3
3217 3
3218 6
3219 2
3220 3
3221 3
3222 1
3223 5
3224 5
3225 3
3226 5
3227 5
3228 2
3229 4
3230 1
3231 3
3232 3
3233 4
3234 1
3235 4
3236 5
3237 5
3238 2
3239 5
3240 3
3241 5
3242 4
3243 1
3244 5
3245 3
3246 5
3247 1
3248 1
3249 5
3250 5
3251 3
3252 4
3253 4
3254 3
3255 4
3256 5
3257 3
3258 5
3259 3
3260 5
3261 4
3262 3
3263 5
