0 6
1 1
2 3
3 3
4 5
5 1
6 5
7 2
8 2
9 1
10 1
11 1
12 1
13 6
14 2
15 6
16 1
17 5
18 1
19 5
20 5
21 6
22 1
23 6
24 1
25 6
26 1
27 6
28 6
29 1
30 1
31 6
32 2
33 6
34 5
35 1
36 1
37 6
38 6
39 6
40 6
41 1
42 1
43 1
44 1
45 1
46 6
47 6
48 6
49 6
50 1
51 5
52 1
53 5
54 1
55 1
56 6
57 1
58 6
59 1
60 6
61 6
62 6
63 6
64 6
65 1
66 1
67 1
68 1
69 6
70 1
71 6
72 6
73 6
74 6
75 6
76 6
77 6
78 2
79 6
80 6
81 6
82 6
83 3
84 3
85 1
86 1
87 1
88 1
89 2
90 1
91 1
92 6
93 6
94 6
95 6
96 1
97 6
98 6
99 6
100 1
101 6
102 1
103 1
104 1
