0 23
1 5
1 6
1 17
2 1
3 7
4 18
5 1
6 15
6 31
7 12
7 16
8 7
8 17
9 7
10 12
10 16
11 2
12 23
13 30
14 4
15 2
16 1
16 9
16 19
17 7
18 7
18 23
19 8
20 2
20 12
20 16
20 25
20 30
20 31
21 7
21 29
22 19
22 31
23 0
23 9
23 14
23 17
23 18
23 29
24 18
24 23
25 20
26 8
27 5
28 7
28 9
29 9
30 7
30 18
31 1
32 23
33 4
33 12
33 16
34 31
35 0
35 5
35 7
35 10
35 15
36 18
37 13
38 13
39 2
39 7
40 1
41 1
42 2
42 7
43 23
44 6
44 18
45 23
46 4
46 22
46 23
47 23
48 5
49 25
50 7
51 6
52 2
52 5
53 19
54 28
55 12
55 16
56 10
56 13
57 17
58 23
59 5
60 3
60 5
61 10
61 19
61 21
61 27
61 35
62 18
62 23
63 4
64 22
65 2
66 4
66 5
66 23
67 4
68 18
69 7
70 1
70 9
70 25
70 31
70 35
71 3
72 23
73 15
74 3
74 10
74 14
74 19
75 4
76 20
77 4
77 8
78 1
78 35
79 1
79 20
80 1
80 27
80 37
81 23
82 23
83 7
83 23
84 4
84 6
85 21
86 17
87 7
88 7
89 4
89 7
89 23
90 23
91 9
92 22
93 8
94 15
94 23
95 30
95 31
96 23
97 7
97 10
97 18
97 23
98 19
99 10
99 15
100 7
101 2
101 9
101 25
102 29
103 2
103 18
104 7
104 18
105 1
106 5
106 12
106 16
107 7
107 20
108 15
109 30
109 31
110 1
110 2
110 9
111 30
111 31
112 4
112 5
113 2
114 7
115 4
115 6
115 27
116 22
117 7
118 3
119 7
119 19
120 7
120 18
121 7
122 7
122 13
123 13
124 4
125 19
126 2
127 4
127 7
128 5
129 25
130 22
131 7
132 0
132 36
133 18
133 23
134 7
134 12
134 16
135 1
136 1
136 7
137 0
137 1
138 4
138 7
138 35
139 18
140 1
140 5
140 24
140 29
141 35
142 18
142 23
143 31
144 7
145 9
146 1
146 5
146 7
147 2
148 7
149 23
150 4
150 7
150 10
151 2
152 12
152 16
152 32
153 13
154 29
155 7
156 36
157 3
157 5
158 8
159 20
160 13
161 7
162 5
163 4
164 1
165 14
166 5
167 31
168 26
169 1
169 4
170 1
171 0
172 21
172 29
173 19
173 25
173 31
174 1
174 20
175 24
176 7
177 35
178 1
179 5
180 18
181 25
182 23
183 20
184 23
185 23
185 29
186 8
186 18
186 35
187 18
187 23
188 23
