0 5
0 6
0 9
0 10
0 11
0 13
0 21
0 31
1 13
2 18
3 29
4 5
4 8
4 18
4 28
5 0
5 14
5 18
6 4
6 6
6 27
7 7
8 7
9 3
10 4
11 22
12 1
13 31
14 7
15 2
16 19
16 21
16 25
17 24
18 7
19 6
19 20
20 18
21 8
22 5
23 20
24 1
24 10
25 17
26 7
26 10
27 24
28 10
29 7
30 26
31 7
31 18
31 28
32 4
32 7
32 9
32 10
32 13
32 18
33 7
34 23
35 15
36 5
36 8
37 18
38 9
38 22
39 0
39 10
39 22
39 25
39 30
40 7
41 7
41 13
41 18
42 18
43 13
44 2
44 30
44 31
45 18
46 1
46 7
46 20
47 31
48 3
48 14
48 17
48 25
49 5
50 7
51 18
52 10
52 15
53 5
54 5
55 7
55 18
56 23
57 29
58 1
59 18
60 15
