0 5
0 15
1 8
2 5
2 6
2 17
3 23
4 23
5 18
5 21
6 15
7 7
8 15
8 31
9 6
9 21
10 1
11 15
11 23
12 7
13 7
13 18
14 4
15 7
16 4
17 24
18 2
18 5
18 18
19 4
19 8
19 18
20 7
21 25
22 15
23 18
24 1
25 5
26 1
26 2
26 35
27 7
28 5
29 5
30 25
31 4
31 22
31 23
32 6
33 7
33 18
34 7
34 18
34 25
35 4
35 7
35 9
35 10
35 13
35 18
36 26
37 3
37 4
37 12
37 16
38 10
39 7
39 18
40 19
40 34
41 5
42 5
43 7
43 9
44 7
44 18
44 28
45 1
45 7
45 17
45 27
45 31
46 7
47 1
47 10
48 15
48 24
48 33
49 7
49 13
49 18
50 1
51 7
52 2
52 30
52 31
53 2
53 5
53 6
54 5
55 15
56 15
57 25
58 12
58 16
58 18
59 28
60 13
61 5
62 7
62 10
62 18
62 23
63 2
63 23
64 2
65 7
66 28
67 8
68 7
69 1
69 10
70 4
70 15
71 23
72 5
73 23
74 23
