0 5
0 13
0 15
0 36
1 7
1 18
2 4
2 7
2 25
2 31
3 1
4 23
4 24
5 15
5 31
6 12
6 16
7 10
7 18
7 23
8 5
9 2
9 13
9 28
10 28
11 2
11 18
11 23
12 0
12 4
12 6
12 7
12 21
12 23
12 29
13 2
14 6
15 29
16 5
16 18
16 24
16 29
16 31
17 12
17 16
18 7
19 2
19 31
20 7
21 21
21 22
22 6
23 0
23 9
23 14
23 17
23 18
23 29
24 4
24 20
25 9
25 12
25 16
25 25
26 17
26 28
27 7
28 11
29 8
30 27
31 5
32 8
33 7
33 18
34 29
35 4
36 35
37 13
38 4
39 5
39 8
40 7
41 4
42 7
43 7
43 18
44 9
45 18
46 28
47 5
48 15
49 7
49 18
50 5
51 1
51 6
51 15
52 7
53 8
54 8
55 4
55 25
56 5
56 6
56 9
56 10
56 11
56 13
56 21
56 31
57 2
57 10
58 21
59 2
59 4
60 15
60 32
61 4
61 7
62 7
63 9
64 6
65 15
66 2
66 7
66 15
67 9
68 19
69 4
69 18
69 23
69 24
70 7
70 13
70 18
70 24
71 0
72 18
72 23
73 11
73 31
74 10
74 15
74 18
75 10
76 24
77 7
77 18
77 28
78 2
78 7
78 10
79 10
80 7
81 0
81 7
81 23
82 36
83 4
84 8
85 8
86 2
87 3
88 23
89 15
89 28
90 6
90 7
91 2
92 7
93 4
94 4
95 4
95 5
96 7
97 28
98 10
98 13
99 7
99 18
100 2
100 25
100 29
101 0
101 10
101 12
101 16
102 9
103 7
103 18
104 31
105 22
106 4
106 13
106 31
106 34
107 30
107 31
108 5
109 7
109 18
109 25
110 31
111 0
111 3
111 4
111 10
111 12
111 16
112 36
113 2
113 7
114 7
114 9
115 3
115 23
116 31
117 31
118 15
119 22
120 6
121 28
122 10
123 17
124 21
125 18
126 29
127 4
127 5
127 18
128 31
129 29
130 6
130 18
130 21
131 15
131 29
132 2
133 4
133 5
134 7
134 18
135 18
136 23
137 3
138 4
139 5
140 5
140 8
141 7
141 18
142 5
143 7
144 18
145 7
145 18
146 29
147 2
147 22
148 5
149 7
149 25
150 2
151 4
152 19
152 31
153 4
154 7
155 23
156 30
157 18
158 8
159 8
159 12
159 16
159 24
159 33
160 5
161 7
162 18
162 23
163 4
163 21
163 28
164 20
165 6
165 8
165 9
165 22
166 7
166 23
167 8
167 22
168 7
169 0
