0 5
0 6
0 17
1 24
2 0
2 5
3 15
3 31
4 12
4 16
5 18
5 23
6 7
7 10
7 18
7 23
8 7
9 6
10 4
11 5
11 7
12 18
13 4
14 0
14 9
14 14
14 17
14 18
14 29
15 10
16 4
16 35
17 27
18 5
19 24
20 17
20 23
21 4
22 7
23 12
23 16
24 31
25 12
25 16
26 31
27 18
28 7
29 13
29 29
30 5
31 19
32 4
32 22
32 23
33 4
34 9
35 5
36 7
36 9
36 18
37 0
37 1
37 14
37 31
38 28
39 5
40 5
41 1
42 5
43 12
43 16
44 2
45 5
46 4
47 0
47 2
47 4
47 5
47 6
47 7
47 10
47 25
47 27
47 33
48 22
49 1
50 4
50 7
51 19
51 25
52 2
52 5
53 4
54 1
55 23
56 2
57 7
57 18
58 1
58 7
59 31
60 24
61 5
61 21
62 0
63 1
64 12
64 16
65 23
66 18
67 8
68 10
69 25
69 28
70 23
70 29
71 3
71 4
71 12
71 16
72 2
73 17
74 4
74 18
75 7
75 23
76 8
76 23
77 7
78 18
79 24
80 7
80 13
80 18
81 21
82 1
83 12
83 16
84 25
84 31
85 30
85 31
86 6
86 21
87 7
87 10
87 18
87 23
88 23
89 4
90 4
91 8
92 10
92 21
93 12
93 16
94 29
95 6
96 4
97 1
97 19
98 5
99 19
100 4
101 5
102 12
102 16
103 4
104 1
105 20
106 2
106 22
107 1
108 7
109 29
110 7
110 18
111 7
111 27
112 1
113 7
114 3
114 25
115 10
116 10
117 5
117 23
117 29
118 23
119 5
120 4
121 21
122 15
123 29
124 18
124 21
125 19
126 2
126 7
126 10
126 24
127 23
127 24
128 4
129 5
129 23
130 7
131 23
132 4
133 2
134 0
135 13
136 7
136 18
136 31
137 7
137 18
138 6
138 21
139 7
139 18
140 29
141 5
142 0
142 8
143 0
143 35
144 7
145 18
146 13
147 22
148 7
149 2
150 1
150 6
150 31
151 23
152 1
153 1
153 6
154 7
155 19
155 35
156 17
156 23
157 32
