0 5
0 6
0 17
1 7
2 23
3 6
4 23
4 24
5 0
5 5
6 15
6 31
7 7
8 10
9 7
10 0
10 4
10 6
10 7
10 21
10 23
10 29
11 5
11 18
11 24
11 29
11 31
12 23
13 15
14 6
15 26
16 7
16 9
17 1
17 2
18 10
18 14
18 29
19 17
20 10
21 3
21 22
22 18
23 8
24 23
25 0
25 9
25 14
25 17
25 18
25 29
26 9
26 12
26 16
26 25
27 8
28 5
29 7
30 1
31 10
32 7
32 18
33 28
34 18
35 23
35 28
36 5
36 8
36 9
36 18
36 28
37 4
37 22
37 23
38 3
39 2
40 5
41 7
41 9
41 31
42 0
42 1
42 2
42 10
43 5
44 7
45 15
46 2
47 27
48 2
48 30
48 31
49 7
50 1
50 9
50 25
50 31
50 35
51 24
52 7
52 10
53 2
54 5
54 9
55 4
56 24
57 12
57 16
58 18
58 24
59 3
59 10
59 14
59 19
60 1
61 10
62 3
63 23
63 29
64 6
64 7
65 23
66 9
66 15
66 18
67 22
68 4
68 5
68 6
68 23
69 1
69 20
70 7
70 23
71 6
71 7
71 8
71 10
71 20
72 2
73 27
74 7
75 18
76 7
77 4
78 2
78 10
79 7
80 23
80 33
81 31
82 2
82 4
82 5
82 10
82 31
82 35
83 2
83 9
83 25
84 7
85 29
86 12
86 16
87 10
87 12
87 16
87 25
88 18
89 10
89 31
90 2
91 4
92 7
92 13
93 31
94 15
95 4
95 7
95 18
96 5
97 7
97 18
98 1
99 0
99 36
100 7
101 18
102 7
103 18
104 5
105 1
106 2
107 1
108 5
108 7
109 7
110 10
111 1
111 6
112 20
113 7
114 4
115 5
115 8
115 18
115 28
116 19
117 4
117 15
118 17
118 18
119 15
119 18
120 7
120 18
121 15
122 7
122 9
122 15
122 18
122 28
123 23
124 7
125 7
126 15
127 2
128 18
129 7
130 4
130 5
130 19
130 31
131 31
132 35
133 6
134 19
134 31
135 24
136 22
136 23
137 7
138 5
139 9
140 8
140 22
