0 22
1 33
2 0
2 5
3 18
4 7
5 5
5 12
5 16
6 29
7 15
8 22
9 1
9 9
9 19
10 1
10 2
11 3
11 22
12 18
13 15
14 7
15 0
15 9
15 14
15 17
15 18
15 29
16 8
17 1
18 5
18 23
19 18
20 18
21 2
22 28
23 5
24 2
24 5
24 18
25 18
25 23
26 1
26 10
27 7
27 18
28 22
29 5
29 28
30 5
31 25
32 19
32 25
33 1
33 20
33 31
34 9
35 1
36 2
37 18
37 24
38 25
39 10
40 24
41 19
42 7
43 5
44 4
45 9
45 18
46 1
46 10
47 10
48 5
48 10
48 11
49 10
50 31
51 30
51 31
52 2
53 13
54 4
54 7
55 7
56 7
57 18
57 23
58 32
59 23
60 4
61 7
62 4
62 7
62 18
63 12
63 16
63 28
63 35
64 4
64 13
64 31
64 34
65 18
66 8
66 23
67 10
68 15
69 5
70 35
71 3
71 25
72 1
72 9
73 7
74 7
75 12
75 16
75 29
76 29
77 18
78 4
79 4
79 7
79 23
80 4
81 10
82 7
83 7
84 3
85 2
85 22
86 23
87 4
88 3
88 4
88 9
89 23
90 0
90 5
90 7
90 10
91 10
91 35
92 7
93 15
94 18
94 29
95 7
96 6
