0 4
0 23
0 29
1 4
1 7
1 25
1 31
2 18
3 1
4 15
4 31
5 12
5 16
6 7
6 17
7 7
7 18
8 5
8 18
8 24
8 29
8 31
9 1
10 1
10 9
10 19
11 7
11 9
11 18
11 22
12 18
13 23
14 21
14 22
15 8
16 13
17 2
18 8
19 7
20 2
21 11
22 10
22 23
23 18
24 27
25 5
26 4
26 12
26 16
27 0
27 8
27 25
27 32
28 4
29 5
30 28
31 12
31 16
32 1
33 5
34 15
35 5
36 10
37 23
38 9
39 17
40 7
41 23
42 7
43 7
43 18
44 19
45 23
46 29
47 2
48 2
49 24
50 4
50 18
50 23
50 24
51 7
52 0
53 0
53 18
53 23
53 29
54 23
55 35
56 28
57 31
58 14
59 30
60 1
60 10
61 1
61 4
61 6
61 9
61 10
61 19
61 31
62 4
63 4
63 7
63 23
64 7
65 6
65 15
65 21
66 7
66 9
67 18
68 23
69 6
70 4
71 2
71 9
71 25
72 8
73 29
74 1
74 27
75 4
76 4
76 12
76 16
77 4
78 21
79 10
79 31
80 7
81 18
81 23
82 7
82 8
82 14
83 23
84 23
85 1
86 5
87 3
87 25
88 7
88 18
88 25
89 2
89 25
90 18
91 1
91 7
92 8
93 10
94 7
95 5
96 10
97 25
98 34
99 12
99 16
100 18
101 7
102 7
103 9
103 31
104 2
105 7
105 20
106 37
107 7
107 23
108 20
109 15
110 4
110 7
110 23
111 18
112 7
113 20
114 7
115 22
116 18
116 23
117 2
117 20
118 22
119 7
120 7
121 18
121 29
122 8
123 4
124 5
125 25
126 6
126 21
