0 4
1 4
2 4
3 4
4 4
5 4
6 4
7 4
8 5
9 5
10 5
11 4
12 4
13 4
14 3
15 4
16 4
17 3
18 3
19 5
20 2
21 4
22 4
23 4
24 4
25 5
26 4
27 4
28 4
29 4
30 3
31 5
32 4
33 4
34 5
35 4
36 4
37 4
38 4
39 1
40 3
41 2
42 4
43 4
44 4
45 6
46 4
47 4
48 6
49 5
50 5
51 6
52 4
53 4
54 6
55 4
56 6
57 4
58 6
59 4
60 5
61 5
62 3
63 5
64 3
65 4
66 4
67 4
68 4
69 5
70 3
71 5
72 4
73 4
74 4
75 5
76 5
77 3
78 5
79 4
80 5
81 3
82 3
83 3
84 3
85 3
86 1
87 5
88 5
89 2
90 3
91 5
92 3
93 3
94 4
95 4
96 1
97 3
98 3
99 4
100 4
101 4
102 4
