0 5
1 5
1 6
1 9
1 10
1 11
1 13
1 21
1 31
2 10
2 12
2 16
2 25
3 18
4 4
4 14
4 19
4 25
5 18
5 21
6 0
6 5
7 5
8 28
9 17
9 22
10 9
10 17
10 19
10 25
10 28
11 19
11 25
12 15
12 18
13 24
14 2
14 5
14 21
14 23
14 26
15 17
16 2
17 4
18 7
18 24
18 26
19 31
20 17
20 34
21 25
22 5
23 7
24 22
25 18
26 22
27 7
28 8
29 28
30 23
31 9
32 18
33 31
34 4
35 7
35 23
36 7
37 1
38 18
38 23
39 13
39 29
40 27
40 31
41 25
42 20
43 4
44 5
45 3
45 14
45 17
45 25
46 5
46 17
46 21
47 23
48 2
48 5
48 18
49 10
50 2
51 3
51 10
52 4
53 4
54 7
54 15
54 18
54 29
55 8
