0 4
1 4
2 5
3 3
4 4
5 4
6 4
7 5
8 4
9 5
10 4
11 3
12 3
13 4
14 4
15 5
16 4
17 3
18 4
19 4
20 4
21 4
22 4
23 4
24 4
25 4
26 5
27 3
28 3
29 3
30 3
31 3
32 5
33 4
34 5
35 4
36 6
37 5
38 4
39 4
40 4
41 4
42 4
43 4
44 4
45 4
46 4
47 5
48 4
49 5
50 4
51 4
52 4
53 3
54 3
55 3
56 5
57 5
58 5
59 4
60 4
61 4
62 4
63 4
64 4
65 4
66 4
67 4
68 4
69 4
70 4
71 4
72 3
73 4
74 4
75 4
76 4
77 5
78 5
79 4
80 4
81 4
82 4
83 4
84 4
85 4
86 4
87 4
88 4
89 5
90 1
91 4
92 4
93 4
94 4
95 4
96 2
97 4
98 5
99 4
100 4
101 3
102 3
103 4
104 3
105 4
106 3
107 5
108 1
109 4
