0 3
1 7
1 18
1 19
2 4
3 32
4 12
4 16
5 1
5 23
5 29
6 5
7 5
7 18
7 23
7 31
8 18
9 5
10 1
10 9
10 19
11 29
12 4
12 23
12 24
13 1
13 20
14 18
15 29
16 4
16 8
17 21
18 20
19 0
19 9
19 14
19 17
19 18
19 29
20 1
21 5
21 10
21 25
21 27
21 28
22 5
23 26
24 5
25 7
26 12
26 16
27 24
27 29
28 2
28 7
28 10
29 28
30 10
31 9
32 7
33 17
34 4
34 7
34 23
35 25
36 7
36 15
37 18
38 23
39 23
40 23
40 29
41 7
42 5
43 23
44 4
45 5
46 22
47 0
47 5
47 17
48 2
48 5
48 20
48 23
49 25
50 2
50 5
50 7
50 21
50 23
50 24
50 37
51 5
52 3
52 5
53 0
54 7
55 28
56 7
57 22
57 23
57 24
57 29
