0 21
1 0
2 12
2 16
2 18
2 23
3 15
3 31
4 23
5 5
5 17
6 25
6 28
7 2
8 3
9 1
9 30
10 5
10 7
10 18
11 21
12 4
12 7
12 18
13 23
14 5
15 27
16 19
16 25
17 23
18 4
18 12
18 16
19 8
20 2
20 19
20 31
21 7
21 9
22 3
22 25
23 18
24 4
24 7
25 4
25 5
25 29
26 8
27 6
28 10
29 7
29 18
29 28
30 3
31 13
32 2
32 7
32 10
33 7
33 23
34 4
35 31
36 7
37 18
37 23
38 23
39 12
39 16
39 18
39 23
40 25
41 5
42 1
43 1
44 7
45 7
46 5
47 4
48 5
48 18
49 10
49 35
50 8
51 23
52 0
52 1
52 2
52 10
53 17
54 35
55 6
55 21
56 7
56 20
57 25
58 18
58 23
59 4
59 5
59 18
60 4
61 2
61 12
61 16
62 7
63 22
64 6
64 10
64 12
64 14
64 16
64 32
65 7
