0 8
1 18
2 12
2 16
3 10
4 9
5 1
6 31
7 12
7 16
8 4
9 30
10 26
11 4
11 8
11 18
12 18
13 17
14 7
14 18
14 31
15 6
15 28
15 31
16 7
17 8
18 5
19 7
19 9
20 4
21 1
21 20
22 12
22 16
23 1
23 7
23 9
24 0
24 8
24 25
24 32
25 3
25 19
26 18
27 4
28 4
29 13
30 4
31 9
31 17
31 25
31 35
32 5
32 13
33 5
34 3
35 7
35 18
36 25
37 5
38 7
39 2
39 12
39 16
40 2
41 22
42 10
43 23
44 27
45 4
45 9
46 1
46 9
46 25
46 31
46 35
47 2
48 0
49 5
49 21
50 10
50 15
50 18
51 23
51 29
52 4
52 10
53 18
53 19
53 21
54 12
54 16
54 32
55 10
55 19
56 7
56 18
56 28
57 3
57 4
57 12
57 16
58 18
59 10
59 20
60 1
60 10
61 23
62 23
63 3
63 8
63 17
63 32
64 31
65 7
65 18
66 4
66 15
67 23
68 7
69 22
70 7
70 13
71 19
72 4
73 4
73 7
73 18
74 32
75 5
76 7
77 14
78 2
78 25
79 36
80 1
81 7
81 18
82 2
83 5
83 7
84 7
84 18
85 7
86 13
87 7
88 6
89 1
89 17
89 29
90 4
91 8
92 15
92 27
92 31
93 22
93 23
93 24
93 29
94 19
95 5
95 7
96 17
97 22
97 24
97 29
98 17
99 1
100 24
100 29
101 18
102 5
103 14
104 4
105 5
105 24
106 4
107 7
108 13
109 5
109 31
110 12
110 16
111 6
111 14
111 15
112 22
113 18
114 23
115 7
115 18
116 6
117 19
