0 2
1 5
2 5
3 3
4 2
5 4
6 3
7 4
8 6
9 4
10 5
11 5
12 3
13 6
14 4
15 4
16 3
17 3
18 3
19 3
20 3
21 5
22 1
23 3
24 2
25 1
26 4
27 4
28 2
29 4
30 3
31 4
32 4
33 5
34 5
35 4
36 4
37 4
38 2
39 1
40 4
41 4
42 4
43 1
44 5
45 5
46 4
47 5
48 4
49 1
50 1
51 4
52 1
53 1
54 4
55 4
56 4
57 4
58 4
59 5
60 4
61 4
62 5
63 4
64 1
65 6
66 4
67 1
68 1
69 1
70 1
71 1
72 5
73 1
74 5
75 5
76 1
77 5
78 4
79 5
80 5
81 5
82 4
83 3
84 4
85 2
86 3
87 5
88 5
89 2
90 3
91 4
92 5
93 5
94 3
95 3
96 3
97 4
98 1
99 3
100 5
101 5
102 5
103 5
104 2
105 2
106 5
107 5
