0 23
0 29
1 7
2 18
3 23
3 29
4 2
4 7
5 1
6 18
7 1
8 25
9 1
9 2
10 7
10 23
10 29
11 18
12 0
12 9
12 14
12 17
12 18
12 29
13 17
13 28
14 18
14 23
15 6
16 8
17 7
17 9
18 18
19 25
20 23
21 0
21 8
21 25
21 32
22 5
22 8
22 9
22 18
22 28
23 20
23 27
23 31
24 19
25 18
26 7
27 4
28 4
29 10
30 0
30 10
30 18
30 23
31 5
32 5
33 23
34 5
35 10
35 19
35 21
35 27
35 35
36 0
36 2
36 4
36 5
36 6
36 7
36 10
36 25
36 27
36 33
37 7
37 15
37 18
37 29
38 22
39 18
40 22
41 4
41 7
42 24
43 19
43 25
44 1
45 4
45 7
45 10
46 31
47 29
48 3
48 10
48 14
48 19
49 25
50 25
51 2
51 18
51 23
52 4
52 7
52 9
52 10
52 13
52 18
53 7
53 18
53 28
54 10
55 4
56 1
56 3
56 4
56 18
56 23
56 27
57 30
57 31
58 7
59 10
60 18
61 5
61 18
61 21
61 23
61 29
62 6
63 5
64 31
65 4
66 5
66 12
66 16
67 4
68 12
68 16
69 1
69 9
69 31
70 19
70 27
70 31
71 5
71 6
71 30
71 33
72 23
73 13
74 5
75 12
75 16
75 28
75 35
76 5
77 7
78 12
78 16
79 19
80 5
81 0
81 2
81 7
81 18
82 4
82 15
82 19
83 1
84 0
84 10
84 22
84 25
84 30
85 18
86 7
87 1
88 10
89 18
89 23
90 18
91 7
92 5
92 17
93 5
93 23
94 7
94 18
95 25
96 4
97 18
97 29
98 3
99 7
100 7
100 18
101 4
102 29
103 3
104 23
105 27
106 22
107 7
107 35
108 7
109 7
110 5
111 15
112 7
113 7
113 18
114 19
115 1
115 31
116 6
116 13
117 15
118 6
118 21
119 18
119 29
120 19
