0 5
0 6
0 17
1 7
2 0
2 5
3 1
4 5
5 6
5 25
6 15
6 23
7 7
8 2
8 32
9 19
10 6
11 7
11 9
11 18
11 22
12 1
12 2
13 2
14 7
15 0
15 9
15 14
15 17
15 18
15 29
16 8
17 1
17 5
17 10
17 11
17 12
17 13
17 14
17 15
17 16
17 17
18 7
19 7
19 9
20 7
20 18
21 18
22 28
23 5
23 8
24 7
25 0
25 1
26 6
27 25
28 4
28 5
28 6
28 13
29 2
30 36
31 25
32 4
33 10
34 5
35 5
36 4
37 4
37 15
38 7
38 18
39 18
39 23
40 17
41 2
42 22
43 18
44 5
45 1
46 4
46 7
47 1
48 13
48 20
49 5
49 21
50 2
51 1
52 2
53 5
53 29
54 12
54 16
55 5
56 9
56 15
57 1
58 18
59 23
60 1
61 12
61 16
62 17
63 30
64 6
65 3
65 4
65 12
65 16
66 37
67 7
67 23
68 7
69 2
69 27
69 31
70 4
70 23
71 23
71 29
72 4
73 2
73 5
73 6
74 6
74 21
75 4
76 3
77 1
78 12
78 16
79 4
80 18
80 23
81 7
82 28
83 4
84 25
85 7
85 18
85 23
86 29
87 4
88 15
89 4
90 5
91 7
92 1
93 13
94 2
95 31
96 25
97 4
97 13
97 31
97 34
98 13
99 24
99 29
100 0
100 12
100 16
101 14
102 35
103 18
104 34
105 31
106 23
107 2
108 2
109 13
110 7
110 22
111 2
111 7
111 28
112 31
113 7
113 31
114 12
114 16
114 32
115 2
116 8
117 4
118 4
119 2
119 12
119 16
120 6
121 1
122 2
123 5
124 7
125 18
125 23
126 22
126 27
127 14
128 17
129 20
130 15
130 23
131 7
132 18
132 29
133 3
134 18
135 25
136 1
137 2
138 13
138 14
139 8
140 22
141 17
142 5
142 23
143 18
143 23
144 5
144 18
144 23
145 7
146 23
147 5
148 2
149 1
149 3
149 9
150 18
151 4
151 20
