0 2
1 5
1 6
1 17
2 7
3 8
4 18
5 15
5 31
6 23
6 29
7 12
7 16
8 4
9 1
10 1
10 9
10 19
11 18
12 1
13 12
14 0
14 9
14 14
14 17
14 18
14 29
15 17
15 28
16 6
16 28
16 31
17 8
18 1
18 7
19 9
19 31
20 7
20 9
21 1
22 7
22 18
23 7
23 24
24 4
25 0
25 8
25 25
25 32
26 13
27 0
27 1
28 13
28 29
29 6
30 1
31 19
32 5
33 7
34 7
34 18
35 1
36 10
37 6
38 0
38 14
38 18
39 3
39 7
40 1
41 7
42 17
43 23
44 24
45 5
46 25
47 10
48 23
49 0
50 12
50 16
51 2
51 7
51 10
52 2
53 7
54 22
55 12
55 16
56 28
57 1
57 10
58 15
58 19
59 4
60 4
61 4
62 7
62 20
63 0
63 1
63 12
63 16
64 18
64 29
65 31
66 2
66 14
67 6
68 7
69 12
69 16
70 2
71 18
72 31
73 1
74 26
75 2
76 2
77 19
78 18
79 22
79 23
80 5
81 3
82 4
82 5
83 7
83 9
83 15
83 18
83 28
84 4
85 5
86 2
87 18
87 29
88 7
89 2
90 28
91 2
91 22
92 18
93 13
94 10
95 7
95 18
95 19
95 31
96 2
96 24
97 5
98 28
99 17
100 18
100 23
101 7
102 3
102 7
103 7
104 4
