0 15
0 31
1 12
1 16
2 22
2 23
3 23
3 29
4 10
4 18
4 23
5 9
6 31
7 1
7 6
8 12
8 16
9 28
10 26
11 0
11 9
11 14
11 17
11 18
11 29
12 7
13 11
14 8
15 23
16 7
16 18
17 2
18 18
19 7
20 20
20 27
20 31
21 7
22 15
23 23
24 4
25 9
26 5
27 4
28 5
29 4
30 4
30 15
31 2
31 12
31 16
32 4
32 7
33 18
34 0
35 6
35 13
35 15
35 22
35 24
36 12
36 16
36 31
37 12
37 16
38 5
38 15
39 4
39 9
39 12
39 13
39 16
40 5
41 27
42 7
42 25
43 7
43 18
44 24
45 4
45 18
45 23
45 24
46 10
47 15
47 32
48 1
49 7
49 23
50 8
51 1
52 27
53 4
54 3
55 4
56 6
57 4
58 4
59 1
59 31
60 7
61 5
61 21
62 31
63 6
64 24
65 18
66 4
67 2
68 5
68 9
69 7
70 23
71 2
72 15
72 23
73 8
74 1
74 10
74 15
74 18
74 23
75 28
76 28
77 4
78 7
78 9
79 23
79 29
80 5
81 10
82 4
83 7
84 21
84 29
85 18
85 21
86 9
87 4
88 4
88 32
89 1
89 31
90 1
90 3
90 9
91 8
91 22
