0 0
0 5
1 18
2 23
3 5
3 12
3 16
4 17
4 22
5 1
5 6
6 5
6 18
6 24
6 29
6 31
7 1
7 9
7 19
8 1
8 2
9 1
9 7
10 7
11 0
11 9
11 14
11 17
11 18
11 29
12 8
13 7
13 23
14 5
15 4
15 21
16 1
16 5
16 10
16 11
16 12
16 13
16 14
16 15
16 16
16 17
17 7
17 9
18 7
18 21
19 12
19 16
20 0
20 1
21 18
22 2
22 7
23 12
23 16
23 18
24 0
24 1
24 14
24 31
25 15
26 19
27 15
28 7
28 18
29 22
30 12
30 16
31 15
32 7
32 9
33 7
34 1
34 9
34 25
34 31
34 35
35 20
36 5
36 21
37 18
38 27
39 7
39 18
40 4
40 18
40 23
40 24
41 7
41 12
41 16
42 4
43 28
44 10
44 15
44 18
45 26
46 6
47 7
47 23
48 27
49 2
50 7
51 5
51 10
51 11
52 23
53 23
54 23
55 6
56 4
56 23
57 1
58 6
59 29
60 1
60 27
61 18
62 17
63 9
64 7
64 18
65 1
65 2
65 9
66 4
66 7
67 0
67 10
67 12
67 16
68 3
68 14
69 7
70 4
71 20
72 4
72 7
72 18
73 5
74 15
75 20
76 32
76 35
77 5
78 24
78 29
79 1
80 7
81 35
82 3
82 25
83 9
84 28
85 23
86 15
86 18
87 27
88 2
89 17
89 23
90 15
90 27
90 31
91 15
92 5
92 8
92 18
92 28
93 15
93 18
94 13
95 19
96 5
97 5
97 23
98 1
98 30
99 7
100 4
101 31
102 18
103 22
104 1
104 7
105 7
106 24
107 8
108 25
109 31
110 18
110 29
111 5
112 7
112 18
113 1
113 7
113 8
114 2
114 5
115 31
