0 7
1 7
2 20
3 17
3 22
4 23
5 20
6 15
6 20
7 5
7 18
7 24
7 29
7 31
8 1
8 9
8 19
9 4
9 8
9 18
10 10
10 14
10 29
11 3
11 22
12 7
12 23
12 29
13 7
13 18
13 31
14 7
14 23
15 5
16 7
16 9
17 1
17 9
18 1
19 7
19 18
20 28
21 12
21 16
21 30
22 15
23 0
23 5
23 7
23 10
23 15
24 0
24 8
24 25
24 32
25 18
26 20
26 27
26 31
27 18
27 23
28 0
28 1
29 5
29 12
29 16
30 5
31 18
32 1
32 9
33 8
33 18
34 8
35 5
35 6
35 9
35 10
35 11
35 13
35 21
35 31
36 19
37 6
38 17
39 1
40 29
41 7
41 25
42 24
43 7
44 30
45 23
45 29
46 7
47 19
47 34
48 2
48 7
48 10
49 5
50 1
50 12
50 16
51 7
52 4
53 4
54 4
55 18
55 23
56 22
57 12
57 16
58 1
58 10
59 29
60 1
60 27
61 26
62 30
62 31
63 7
64 23
65 15
65 18
66 1
67 4
68 5
69 15
70 5
70 15
71 5
72 8
73 2
73 25
74 18
75 28
75 31
76 19
77 7
78 2
78 4
78 7
78 12
78 16
79 22
80 9
81 7
82 21
83 7
83 37
84 7
84 9
84 15
84 18
84 28
85 4
85 12
85 16
85 24
86 23
87 1
88 15
89 28
90 2
90 22
91 4
92 7
93 24
94 4
94 32
95 8
95 28
