0 7
1 7
2 12
2 16
3 5
3 7
4 2
4 34
5 11
6 1
7 3
8 21
9 2
10 25
11 7
11 8
11 14
12 15
13 9
14 6
15 15
16 24
17 7
17 9
17 18
17 22
18 3
18 10
18 14
18 19
19 31
20 7
21 19
22 4
23 9
24 1
25 18
26 7
27 18
28 1
28 7
29 7
29 23
30 21
30 22
31 0
31 11
32 25
33 1
34 23
34 29
35 8
36 4
37 5
37 7
38 26
39 10
40 18
41 6
42 28
43 1
43 9
44 9
45 7
45 23
46 22
47 25
48 6
48 7
48 8
48 10
48 20
49 5
49 7
50 5
50 8
50 9
50 18
50 28
51 9
51 22
52 7
52 29
53 31
54 13
54 29
55 9
56 4
56 7
56 23
57 9
58 5
59 1
60 0
60 3
61 15
61 18
62 4
63 8
63 28
64 12
64 16
65 13
66 29
67 10
68 2
69 2
69 7
69 28
70 15
70 17
70 20
70 23
71 18
72 2
73 4
74 8
75 8
75 22
76 1
76 6
76 15
77 29
78 7
79 4
79 20
80 15
