0 5
0 6
0 17
1 7
2 1
2 31
3 0
3 5
4 1
5 1
6 15
6 31
7 12
7 16
8 8
8 18
9 5
10 31
11 5
11 18
11 24
11 29
11 31
12 7
12 10
12 18
12 25
13 4
14 26
15 4
15 8
15 18
16 7
16 9
16 18
16 22
17 5
18 7
19 18
20 21
20 22
21 7
21 29
22 1
22 7
23 6
24 0
24 9
24 14
24 17
24 18
24 29
25 6
25 28
25 31
26 26
27 5
28 8
29 7
30 7
31 5
32 7
32 9
33 1
34 17
34 23
35 7
35 18
36 12
36 16
36 28
37 21
38 12
38 16
39 0
39 8
39 25
39 32
40 18
41 33
42 15
42 17
43 4
44 4
45 5
46 5
47 7
47 9
47 18
48 19
49 19
50 5
51 2
52 5
53 5
54 2
55 0
55 2
55 4
55 5
55 6
55 7
55 10
55 25
55 27
55 33
56 7
56 18
57 7
58 1
58 12
58 16
59 4
59 5
59 23
60 2
61 5
61 6
61 9
61 10
61 11
61 13
61 21
61 31
62 5
63 12
63 16
64 12
64 16
65 7
65 18
66 19
66 25
67 5
68 7
68 10
69 23
69 24
70 7
70 25
71 0
72 3
72 10
72 14
72 19
73 19
74 7
74 18
75 26
76 4
76 5
76 6
76 23
77 29
78 5
78 11
78 19
78 26
79 31
80 10
80 27
81 24
82 28
83 5
83 10
83 12
83 13
83 16
83 17
83 25
83 27
84 4
85 1
86 1
87 4
88 4
88 23
89 1
90 6
91 29
92 0
92 5
93 18
94 10
95 7
96 15
97 32
98 1
99 1
100 0
100 10
100 12
100 16
101 4
102 4
102 12
102 16
103 31
104 3
104 18
105 34
106 7
106 18
107 23
108 15
109 7
110 10
110 21
110 23
110 26
111 5
112 4
113 7
114 10
115 5
115 7
115 29
116 7
117 23
118 1
118 9
118 18
119 28
120 18
121 4
122 5
123 4
124 2
125 6
125 13
126 20
127 12
128 7
129 22
129 23
129 24
129 29
130 5
131 15
131 18
132 4
132 7
133 22
133 24
133 29
134 1
134 18
134 29
135 14
136 29
137 19
137 31
138 36
139 4
140 7
141 3
141 4
142 24
143 7
143 23
144 7
145 7
146 9
147 7
148 4
149 23
150 7
150 18
150 19
150 31
151 18
152 21
153 2
153 23
154 23
155 2
156 28
157 4
158 7
159 17
160 7
161 25
162 35
163 1
163 3
163 9
164 7
165 4
165 20
166 2
166 5
