0 2
0 5
0 18
1 28
2 7
3 18
4 21
5 7
6 1
7 12
7 14
7 15
7 16
7 32
8 23
9 7
9 8
9 14
10 8
11 9
12 29
13 19
14 5
14 7
14 10
14 12
14 16
14 30
15 12
15 16
16 3
16 10
16 14
16 19
17 34
18 2
19 4
20 10
21 25
22 7
23 23
23 29
24 0
24 35
25 5
26 8
26 23
27 28
28 7
28 23
29 2
29 22
30 17
30 23
31 5
32 1
33 7
33 12
33 16
34 10
35 9
36 2
37 1
38 10
38 21
39 18
40 7
40 10
41 18
42 7
42 18
43 12
43 14
43 16
44 28
45 1
45 9
46 7
47 5
48 28
49 2
50 8
51 17
52 7
52 18
53 1
53 2
54 28
55 1
56 5
56 20
56 27
57 7
