0 5
0 6
0 17
1 9
2 17
2 22
3 19
4 1
4 9
5 5
5 7
6 18
7 3
7 22
8 7
8 23
9 6
10 26
11 2
12 7
12 9
13 12
13 16
14 27
15 20
15 27
15 31
16 13
16 21
17 2
17 7
18 17
19 4
20 5
21 6
22 28
23 2
24 1
24 2
24 5
24 10
24 31
25 1
25 25
26 19
27 22
28 4
28 5
28 23
29 4
29 7
30 15
30 26
31 6
32 7
33 14
33 18
33 23
34 25
35 17
36 10
36 15
36 18
37 23
37 29
38 12
38 15
38 16
38 21
39 19
40 26
41 1
41 5
42 2
42 4
42 5
42 28
42 31
42 36
43 7
44 26
45 7
45 23
46 7
46 10
46 18
46 23
47 12
48 29
49 31
50 6
50 7
51 23
52 5
52 20
52 27
53 1
53 27
54 5
55 7
55 18
56 15
57 4
58 23
58 32
59 30
59 31
60 7
61 2
61 7
62 24
62 29
63 2
63 4
63 7
63 12
63 16
64 27
65 12
65 16
65 18
66 8
67 2
68 7
68 18
69 17
70 17
71 18
72 5
72 8
73 7
74 7
75 12
75 16
76 4
76 6
76 18
77 5
78 23
79 7
79 18
80 37
81 7
82 4
83 23
84 29
85 5
85 18
86 4
