0 5
0 6
0 17
1 33
2 1
2 31
3 1
4 0
4 29
5 12
5 16
6 19
6 23
6 24
7 7
7 21
8 12
8 16
9 18
10 7
10 9
10 18
10 22
11 1
11 9
11 19
12 25
13 5
14 7
15 5
16 8
17 5
17 12
17 16
18 26
19 5
20 1
20 13
21 5
22 7
22 9
23 4
24 10
25 17
25 23
26 12
26 16
27 2
28 7
28 15
28 18
29 1
29 7
29 9
30 5
30 13
30 30
30 31
30 35
31 12
31 16
32 5
32 8
32 9
32 18
32 28
33 13
34 29
35 2
35 7
36 13
36 21
37 25
38 23
39 25
40 9
40 31
41 4
42 10
43 5
44 0
44 1
44 14
44 31
45 19
46 2
46 7
46 18
47 7
47 18
48 12
48 16
49 17
50 5
51 24
52 7
53 18
54 22
55 5
56 9
57 5
57 6
57 9
57 10
57 11
57 13
57 21
57 31
58 5
59 5
59 28
59 36
60 15
61 9
61 25
62 1
63 5
63 15
64 1
65 34
66 7
66 25
67 24
68 5
69 4
69 18
69 23
69 24
70 5
70 21
71 4
71 31
72 29
73 7
73 15
73 22
73 23
73 25
74 28
75 11
75 31
76 9
77 2
77 18
77 23
78 23
79 4
79 7
79 9
79 10
79 13
79 18
80 26
81 18
81 19
81 21
82 3
82 4
82 12
82 16
83 2
83 5
83 7
83 18
84 7
84 23
85 23
86 2
86 25
86 31
87 1
88 21
88 29
89 7
89 10
89 18
89 23
90 23
91 19
92 6
93 18
94 10
95 0
95 21
96 17
96 29
97 4
98 2
98 9
98 25
99 7
100 6
101 1
101 2
101 9
102 35
103 23
104 9
104 18
104 23
105 1
105 9
106 7
106 8
106 14
107 4
108 7
109 4
110 18
111 7
112 5
112 15
113 23
114 30
114 31
115 28
115 31
116 1
116 25
117 8
118 7
118 18
119 1
120 1
120 5
120 24
120 29
121 10
122 5
123 23
124 4
124 9
124 25
124 28
125 7
126 19
127 2
128 5
129 37
130 2
131 8
132 5
133 20
134 5
134 7
134 10
134 12
134 16
134 30
135 7
136 4
136 5
136 19
136 31
137 0
137 23
138 9
138 25
138 28
139 23
140 31
141 18
141 21
142 10
142 18
143 2
144 1
145 1
145 6
145 31
146 18
147 13
148 20
149 9
150 5
150 23
151 26
152 9
