0 10
0 28
1 15
1 31
2 2
2 34
3 5
3 12
3 16
4 17
5 9
6 7
7 6
8 19
8 23
8 24
9 15
9 23
10 10
10 18
11 5
11 18
11 24
11 29
11 31
12 19
13 7
13 9
14 19
15 7
15 9
15 18
15 22
16 1
16 2
17 7
17 23
17 29
18 12
18 16
19 30
19 31
20 23
21 7
22 8
23 23
24 5
25 7
25 9
26 23
27 10
28 7
28 18
29 5
30 28
31 0
31 8
31 25
31 32
32 23
32 28
33 7
33 24
34 25
35 4
35 22
35 23
36 5
37 1
38 1
39 9
39 23
39 25
40 5
41 18
41 23
42 7
43 1
43 10
44 17
45 5
46 5
47 15
48 5
48 15
49 1
49 9
49 25
49 31
49 35
50 19
50 25
51 28
52 24
53 7
53 18
54 12
54 16
55 12
55 16
56 4
57 11
57 31
58 10
58 15
58 18
59 10
60 5
60 23
61 9
62 4
62 10
62 12
62 14
62 16
63 1
64 4
64 7
64 9
64 10
64 13
64 18
65 5
66 7
67 10
68 10
69 10
70 15
71 4
71 7
71 23
72 9
73 13
74 2
75 1
76 5
76 10
76 12
76 13
76 16
76 17
76 25
76 27
77 10
78 4
79 10
80 4
81 1
81 10
82 9
82 19
83 1
84 29
85 4
86 7
87 4
88 10
88 12
88 16
88 25
89 7
90 26
91 25
92 21
93 4
94 28
95 1
96 4
97 9
98 2
98 7
99 5
100 9
101 1
101 5
102 18
103 5
104 5
105 7
106 7
107 9
107 10
108 8
109 5
109 9
109 17
110 31
111 28
112 7
112 18
112 22
113 1
113 31
114 8
114 28
115 4
116 2
116 28
117 8
118 1
118 8
118 23
119 5
119 27
119 28
120 32
121 4
121 21
122 7
123 27
124 24
125 18
125 21
126 2
127 25
128 23
129 31
130 7
130 18
131 2
132 10
133 4
133 23
133 24
134 21
134 29
135 7
136 23
137 23
138 9
138 28
139 5
140 6
141 10
142 4
142 6
142 31
143 7
143 18
143 19
143 31
144 1
145 31
146 7
146 18
147 3
148 25
149 7
150 15
150 23
