0 5
0 6
0 17
1 23
1 29
2 7
3 25
4 0
4 5
5 1
6 1
7 7
8 31
9 7
9 22
10 12
10 16
11 4
12 21
12 22
13 2
13 12
13 16
13 25
13 30
13 31
14 1
14 2
14 35
15 0
15 9
15 14
15 17
15 18
15 29
16 5
16 12
16 16
17 4
18 1
18 9
19 5
20 0
20 8
20 25
20 32
21 20
21 27
21 31
22 23
23 4
24 9
25 1
25 10
25 12
25 16
26 0
26 10
26 18
26 23
27 7
27 18
28 15
29 5
30 12
31 5
32 10
33 3
34 18
35 22
36 4
36 7
37 18
38 5
39 34
40 13
41 1
42 27
43 1
43 9
43 25
43 31
43 35
44 15
45 17
46 36
47 15
48 29
49 1
50 9
51 12
51 16
52 11
52 31
53 10
53 15
53 18
54 1
54 35
55 3
55 4
55 12
55 16
56 10
57 2
57 4
57 5
57 10
58 7
58 13
58 18
59 27
60 7
60 23
60 29
61 23
62 5
62 18
62 21
62 23
62 29
63 7
63 10
63 18
63 23
64 23
65 18
66 15
67 8
68 2
68 9
68 25
69 5
69 20
69 27
70 21
71 29
72 18
73 7
74 26
75 15
75 19
76 5
77 7
78 3
79 22
80 1
80 5
81 13
82 3
82 7
83 7
83 18
84 31
85 4
86 5
87 25
88 18
89 30
89 31
90 2
90 12
90 16
91 18
92 14
93 4
93 22
94 5
95 2
96 35
97 3
97 25
98 2
99 23
100 8
101 4
102 25
103 7
103 29
104 18
105 19
106 18
107 2
107 7
107 10
107 24
108 15
108 29
109 2
109 5
110 20
111 15
111 35
112 29
113 18
114 2
115 22
116 22
117 5
118 4
118 5
118 23
119 6
120 2
121 21
122 8
122 12
122 16
122 36
123 17
124 23
125 18
126 18
127 20
128 31
129 6
129 14
129 15
130 7
130 18
131 12
131 16
132 7
133 13
134 0
