0 5
0 6
0 17
1 7
1 18
2 33
3 18
4 15
4 31
5 7
6 31
7 7
7 18
8 7
9 2
9 8
9 20
9 31
10 9
11 4
12 6
13 26
14 1
14 2
15 4
15 7
16 5
16 12
16 16
17 5
18 7
18 9
18 11
18 12
18 16
18 25
18 26
19 7
19 18
20 17
21 4
22 7
22 10
23 4
24 28
25 18
26 13
27 3
27 5
28 2
28 5
28 18
29 5
30 18
30 23
31 0
31 2
31 4
31 5
31 6
31 7
31 10
31 25
31 27
31 33
32 7
33 7
34 22
35 2
35 15
36 5
36 6
36 9
36 10
36 11
36 13
36 21
36 31
37 2
37 7
37 12
37 16
37 28
38 25
39 7
40 7
41 18
41 23
42 5
43 12
43 16
44 1
45 30
46 10
46 15
46 18
47 10
48 4
48 10
48 12
48 14
48 16
49 23
50 7
50 23
51 24
52 27
53 5
53 10
53 11
54 7
54 15
54 22
55 7
55 10
55 18
55 23
56 7
57 12
57 16
58 5
59 4
60 1
60 6
60 19
61 7
61 9
61 26
62 13
62 31
63 18
64 0
64 3
64 4
64 10
64 12
64 16
65 1
65 25
66 7
67 7
67 18
68 2
69 18
69 30
70 4
71 4
71 17
72 8
73 19
74 8
75 7
76 7
77 13
78 29
79 5
80 6
80 13
81 4
82 13
83 17
84 22
84 28
85 21
86 7
86 35
87 24
88 12
88 16
89 4
90 2
90 24
91 20
92 25
93 4
94 2
94 5
