0 4
0 23
0 29
1 5
1 6
1 17
2 5
2 12
2 16
3 1
4 2
5 25
6 7
6 9
6 18
6 22
7 7
8 0
8 9
8 14
8 17
8 18
8 29
9 7
10 8
11 1
11 5
11 10
11 11
11 12
11 13
11 14
11 15
11 16
11 17
12 5
13 7
13 18
14 5
15 3
16 15
16 24
16 33
17 4
18 4
19 4
19 22
19 23
20 9
21 1
22 5
23 2
23 5
24 0
25 12
25 16
26 5
27 12
28 17
29 3
29 5
30 4
31 2
32 32
33 0
33 14
33 18
34 20
35 3
35 7
36 10
37 4
37 9
38 7
39 17
40 24
41 5
42 6
43 1
44 28
45 3
45 15
46 2
47 4
47 5
47 6
47 23
48 3
49 10
50 2
50 27
50 31
51 4
51 15
52 7
53 6
53 15
53 21
54 12
54 16
54 25
55 4
56 10
56 15
57 29
58 1
58 27
59 21
60 4
60 12
61 7
62 5
63 19
63 27
63 31
64 11
65 23
66 23
67 3
68 5
69 2
69 7
70 2
70 5
71 9
72 1
73 7
74 23
75 7
76 7
77 0
77 36
78 12
78 16
79 19
80 0
80 2
80 7
80 18
81 10
82 1
82 5
82 24
82 29
83 2
84 31
85 5
85 23
85 29
86 15
86 18
87 7
87 23
87 24
87 29
88 4
88 7
89 12
89 16
90 2
91 4
92 4
93 8
94 29
95 3
95 5
96 5
97 6
98 4
99 4
100 15
100 29
101 23
101 24
102 23
103 9
104 17
105 7
105 18
106 7
107 7
107 18
108 20
109 0
109 8
110 18
110 23
111 5
112 21
113 4
114 18
114 29
115 31
116 5
117 1
117 6
118 5
119 6
119 7
119 10
119 12
119 16
119 21
