0 8
1 5
1 6
1 17
2 7
3 0
3 5
4 7
5 8
5 18
6 15
6 31
7 0
7 29
8 6
9 2
9 32
10 9
11 8
12 5
12 18
12 24
12 29
12 31
13 15
14 6
15 7
16 9
17 17
18 3
18 22
19 1
19 5
19 12
19 16
19 17
19 22
20 18
21 21
21 22
22 2
22 12
22 16
22 25
22 30
22 31
23 20
24 0
24 9
24 14
24 17
24 18
24 29
25 26
26 5
27 8
28 5
29 7
29 9
30 10
31 32
32 8
33 28
34 6
34 21
35 4
36 28
37 4
38 18
39 18
40 10
41 3
42 15
42 24
42 33
43 2
43 30
43 31
44 7
44 18
45 25
45 31
46 4
47 17
48 7
48 10
49 5
50 1
51 7
52 0
52 1
52 14
52 31
53 28
54 4
55 7
56 10
57 5
58 5
59 17
60 17
61 20
62 26
63 19
64 5
64 13
65 7
66 10
67 18
68 8
69 2
69 4
70 15
71 4
72 12
72 16
73 1
74 3
74 7
75 23
76 1
76 9
76 25
76 31
76 35
77 1
78 2
78 5
79 5
79 21
80 26
81 22
82 28
83 5
84 7
84 18
85 17
85 22
86 2
87 25
88 0
88 4
88 6
88 7
88 18
88 31
88 35
89 12
89 16
90 17
91 19
92 18
93 10
94 23
95 24
95 33
96 4
97 2
97 7
98 2
98 7
98 10
99 4
100 10
101 36
102 4
103 7
104 10
105 8
106 2
106 10
107 6
107 21
108 14
109 18
110 13
111 4
112 6
113 31
114 4
115 13
116 35
117 6
118 29
119 29
120 3
121 1
121 27
122 4
122 9
123 3
124 15
124 19
125 12
125 16
126 7
126 18
127 12
127 16
128 2
128 7
129 13
130 4
131 2
131 14
132 7
133 3
133 25
134 3
135 6
136 2
137 24
138 7
138 24
139 10
140 30
140 31
141 2
141 25
142 17
143 3
143 25
144 13
145 25
146 9
147 26
148 15
149 7
150 20
151 23
152 8
153 18
154 7
155 12
155 16
156 22
156 23
156 24
156 29
157 28
158 1
159 0
159 13
159 23
160 5
160 23
161 25
162 5
163 4
164 9
165 18
166 1
167 15
168 7
169 23
170 2
171 4
172 2
173 19
174 7
174 10
175 22
176 28
177 24
178 18
179 18
180 5
181 6
182 2
182 7
183 23
184 23
185 2
185 24
186 4
187 13
188 20
189 7
190 18
190 29
191 2
191 5
192 5
192 6
193 24
194 4
194 8
195 7
196 2
197 4
