0 0
1 0
2 0
3 5
4 5
5 2
6 6
7 2
8 1
9 0
10 2
11 6
12 0
13 0
14 6
15 5
16 0
17 3
18 3
19 0
20 0
21 0
22 0
23 2
24 1
25 2
26 1
27 1
28 4
29 0
30 0
31 5
32 3
33 3
34 3
35 3
36 3
37 2
38 4
39 3
40 3
41 3
42 3
43 6
44 6
45 6
46 2
47 4
48 0
49 0
50 0
51 3
52 6
53 2
54 0
55 3
56 3
57 5
58 5
59 2
60 1
61 0
62 0
63 0
64 2
65 2
66 5
67 2
68 2
69 2
70 6
71 6
72 5
73 0
74 6
75 5
76 0
77 6
78 3
79 3
80 3
81 3
82 3
83 0
84 5
85 2
86 0
87 3
88 3
89 3
90 3
91 3
92 3
93 2
94 2
95 2
96 2
97 2
98 3
99 0
100 4
101 2
102 5
