0 8
1 5
1 6
1 17
2 12
2 16
3 7
3 17
4 7
5 4
6 8
6 29
7 15
8 29
9 7
10 1
10 5
10 19
11 11
12 8
13 27
14 7
14 9
15 10
16 12
16 16
17 4
17 12
17 13
17 16
17 17
18 1
18 7
18 9
19 34
20 13
21 5
21 8
22 18
23 15
23 24
23 33
24 27
25 2
25 7
26 4
27 7
27 18
28 1
29 5
30 17
31 4
32 18
33 5
33 6
33 9
33 10
33 11
33 13
33 21
33 31
34 18
34 32
35 28
36 19
37 12
37 16
38 27
39 3
39 7
40 12
41 5
41 15
42 24
43 12
43 14
43 15
43 16
43 32
44 7
45 7
45 18
46 4
46 18
46 23
46 24
47 12
47 16
48 9
49 1
50 17
51 2
52 12
52 16
53 12
53 16
54 23
55 15
55 32
56 23
56 29
57 12
57 15
57 16
57 21
58 37
59 7
60 4
60 18
61 2
61 7
61 10
62 2
63 2
63 27
63 31
64 7
65 2
66 10
67 7
68 12
68 16
69 7
70 23
71 12
71 16
71 25
72 18
73 29
74 28
75 7
75 18
75 28
76 2
77 4
77 32
78 4
78 14
78 19
78 25
79 27
80 18
81 17
82 7
83 12
83 16
84 4
84 7
85 4
85 7
85 18
86 20
87 7
87 24
88 12
88 16
89 5
89 10
89 13
90 2
90 7
91 5
92 12
92 16
93 2
93 7
94 4
94 12
94 16
95 7
95 9
96 0
96 1
97 35
98 1
99 7
100 1
100 9
101 34
102 7
103 15
104 15
104 27
104 31
105 27
106 21
107 31
108 5
109 5
109 7
109 18
110 25
111 8
112 12
113 17
114 17
115 4
115 14
116 7
117 22
118 1
118 7
119 4
119 5
119 19
119 31
120 29
121 23
122 5
122 15
123 18
123 21
124 1
124 9
125 7
126 9
127 2
128 7
128 8
128 12
129 21
130 4
131 1
131 5
131 9
132 12
132 16
133 7
134 7
135 6
136 4
137 18
138 25
139 21
140 7
140 18
141 23
142 2
143 18
143 29
