0 1
1 3
2 5
3 3
4 4
5 3
6 4
7 1
8 1
9 1
10 1
11 4
12 1
13 5
14 5
15 5
16 4
17 1
18 4
19 4
20 3
21 4
22 4
23 6
24 2
25 2
26 6
27 2
28 5
29 4
30 4
31 4
32 4
33 5
34 4
35 6
36 4
37 4
38 2
39 3
40 5
41 5
42 4
43 4
44 5
45 4
46 4
47 6
48 4
49 4
50 5
51 4
52 1
53 4
54 4
55 4
56 4
57 4
58 3
59 4
60 4
61 6
62 6
63 3
64 2
65 4
66 1
67 6
68 1
69 5
70 4
71 3
72 4
73 5
74 4
75 3
76 3
77 3
78 1
79 4
80 3
81 3
82 3
83 3
84 3
85 3
86 6
87 1
88 4
89 1
90 1
91 6
92 1
93 4
94 3
95 4
96 4
97 4
98 5
99 3
100 3
101 3
102 3
103 3
104 3
105 3
106 1
107 1
108 4
109 4
