0 5
1 4
2 4
3 4
4 5
5 4
6 4
7 4
8 4
9 4
10 4
11 4
12 4
13 4
14 4
15 4
16 4
17 6
18 1
19 6
20 4
21 4
22 4
23 4
24 4
25 4
26 4
27 4
28 4
29 4
30 4
31 4
32 4
33 4
34 4
35 6
36 6
37 4
38 4
39 3
40 3
41 5
42 4
43 6
44 4
45 4
46 4
47 4
48 4
49 4
50 4
51 1
52 1
53 1
54 1
55 1
56 4
57 4
58 4
59 4
60 5
61 4
62 4
63 4
64 4
65 4
66 4
67 4
68 4
69 4
70 1
71 4
72 6
73 4
74 4
75 4
76 5
77 4
78 4
79 4
80 5
81 4
82 4
83 4
84 4
85 4
86 4
87 4
88 4
89 4
90 4
91 1
92 4
93 4
94 4
95 4
96 2
97 2
98 1
99 4
100 4
101 5
102 5
103 5
104 4
105 3
106 1
107 4
108 4
109 4
110 6
