0 33
1 13
2 8
2 18
3 23
4 12
4 16
5 4
6 4
6 15
6 23
7 7
7 9
7 18
7 22
8 1
8 2
9 13
10 21
10 22
11 0
11 9
11 14
11 17
11 18
11 29
12 5
12 12
12 16
13 12
13 16
14 7
14 18
14 31
15 7
16 11
17 8
18 6
18 7
18 29
19 18
20 1
20 9
21 10
22 31
23 17
24 10
25 1
26 28
27 5
28 7
28 18
29 12
30 5
31 18
31 23
32 10
32 13
33 25
34 5
35 7
35 18
36 22
37 18
38 10
39 15
40 4
40 7
41 7
41 15
42 7
43 13
44 3
45 2
46 25
47 4
48 4
49 7
49 23
50 7
51 32
52 13
53 9
54 21
55 5
56 6
56 15
56 21
57 23
58 10
59 6
59 21
60 1
61 5
61 8
61 9
62 4
63 4
64 10
64 15
65 7
66 9
67 2
67 4
67 5
67 10
67 31
67 35
68 2
68 9
68 25
69 4
70 25
71 29
72 4
73 2
74 29
75 7
76 9
76 18
76 23
77 7
78 5
78 11
79 1
80 6
81 1
82 12
82 16
82 28
82 35
83 2
84 25
85 20
86 35
87 21
88 5
89 9
89 22
90 18
91 7
92 5
92 23
92 29
93 4
93 18
94 20
95 4
96 29
97 4
98 20
99 5
100 1
101 5
102 25
103 5
104 20
105 18
106 10
106 23
107 23
108 17
109 10
110 4
111 24
112 4
112 6
112 18
113 4
114 5
115 7
115 35
116 21
117 21
118 9
119 15
120 9
121 8
121 22
