0 5
0 6
0 17
1 7
2 33
3 0
3 2
4 2
4 34
5 31
6 7
7 31
8 4
9 1
9 9
9 19
10 7
10 9
10 18
10 22
11 3
11 22
12 1
12 2
12 35
13 8
14 5
14 12
14 16
15 17
15 28
16 7
17 5
18 8
19 4
19 21
20 12
20 16
21 5
22 20
22 27
22 31
23 4
24 5
25 19
26 7
26 31
27 1
28 5
29 9
30 4
31 15
31 22
32 22
33 1
34 0
35 4
36 2
36 7
36 12
36 16
36 28
37 5
38 9
38 18
38 23
38 24
39 5
40 34
41 12
41 16
42 19
43 7
44 5
44 7
45 10
45 20
46 1
46 20
46 31
47 2
47 5
48 1
49 9
50 4
51 2
52 3
52 10
52 14
52 19
53 1
54 15
55 6
56 11
56 31
57 8
58 23
58 29
59 18
60 7
60 23
61 27
62 1
62 13
62 25
63 18
64 2
64 8
65 23
65 27
66 7
66 23
67 4
68 18
68 23
69 18
70 23
71 6
72 5
72 10
73 4
74 17
74 29
75 10
75 15
76 6
76 7
77 2
77 9
77 25
78 29
79 1
79 27
80 28
81 13
81 19
81 25
82 1
83 18
84 1
85 7
86 23
87 31
88 23
89 8
90 19
91 7
92 23
93 1
94 25
95 34
96 28
97 18
98 7
99 8
100 12
100 16
100 32
101 5
102 2
103 4
103 5
103 18
104 5
104 8
104 18
104 28
105 18
105 21
106 5
107 31
108 23
109 15
109 18
110 18
110 23
110 29
111 7
112 17
113 18
114 1
114 20
115 4
115 12
115 16
116 4
116 20
117 10
118 1
119 3
120 7
121 8
122 10
123 2
124 23
125 3
125 6
126 15
127 4
128 29
