0 7
1 33
2 28
3 4
4 15
4 31
5 12
5 16
6 15
7 9
8 7
8 18
9 17
9 22
10 1
10 31
11 31
12 25
13 15
13 19
13 26
13 31
14 4
14 5
14 9
15 21
16 1
16 9
16 19
17 7
17 18
17 19
18 5
18 35
19 1
19 2
20 7
21 7
21 22
21 25
22 9
22 12
22 16
22 25
23 8
24 5
25 7
25 9
26 1
27 7
27 18
28 4
29 34
30 0
30 8
30 25
30 32
31 5
32 18
33 31
34 4
34 22
34 23
35 5
36 6
36 27
37 19
38 5
39 7
40 5
41 23
42 13
43 2
44 31
45 7
45 18
46 7
47 36
48 4
48 5
48 23
49 5
49 6
49 9
49 10
49 11
49 13
49 21
49 31
50 5
51 9
51 18
51 23
51 24
52 2
52 4
53 1
54 7
55 4
55 9
56 1
57 19
57 25
58 25
59 36
60 4
61 2
62 23
63 1
64 4
64 18
64 23
64 24
65 0
66 9
66 34
67 12
67 16
68 2
69 7
69 18
69 28
70 23
71 7
71 23
72 17
73 23
74 10
75 33
76 30
76 31
77 1
77 25
78 7
78 10
78 18
78 23
79 3
80 4
81 4
82 21
83 7
84 1
85 5
85 12
85 16
86 27
86 31
87 5
88 15
89 7
90 23
91 7
92 7
92 19
93 6
94 15
94 18
95 7
95 8
95 14
96 6
97 4
98 4
99 5
100 12
100 16
101 5
102 6
103 5
104 18
104 34
104 35
105 6
106 4
107 9
107 12
107 16
108 1
109 14
110 12
111 5
111 7
112 4
112 7
112 18
113 4
113 15
113 19
114 3
114 25
115 21
116 34
117 7
118 23
119 9
120 7
121 1
121 6
122 5
122 23
122 29
123 8
124 18
125 2
126 10
126 15
127 22
128 4
129 18
130 31
131 4
132 12
132 13
132 16
132 32
133 3
133 5
134 20
135 13
136 4
137 18
137 23
138 7
139 8
140 10
141 7
141 18
142 7
142 19
143 7
144 7
145 21
145 29
146 25
147 1
148 22
148 28
149 0
149 15
150 7
151 4
151 17
152 3
153 25
154 15
155 7
156 7
157 7
157 18
158 0
158 2
158 5
158 10
159 23
160 23
160 29
