0 5
1 4
2 4
3 4
4 4
5 4
6 5
7 1
8 5
9 5
10 4
11 4
12 4
13 4
14 5
15 4
16 4
17 4
18 3
19 4
20 4
21 1
22 4
23 4
24 4
25 5
26 2
27 5
28 4
29 4
30 5
31 4
32 4
33 4
34 4
35 4
36 5
37 4
38 4
39 4
40 4
41 4
42 5
43 1
44 5
45 1
46 4
47 4
48 4
49 4
50 5
51 5
52 5
53 4
54 5
55 5
56 5
57 5
58 5
59 1
60 3
61 4
62 5
63 4
64 4
65 4
66 5
67 5
68 5
69 5
70 5
71 5
72 5
73 5
74 4
75 2
76 6
77 5
78 4
79 5
80 1
81 1
82 1
83 1
84 5
85 5
86 5
87 5
88 5
89 3
90 5
91 5
92 5
93 5
94 4
95 5
96 5
97 5
98 5
99 5
100 5
101 5
102 5
103 5
104 5
105 5
106 4
