0 5
1 1
2 1
3 1
4 6
5 1
6 1
7 2
8 5
9 5
10 1
11 6
12 2
13 1
14 6
15 5
16 1
17 1
18 1
19 5
20 6
21 5
22 5
23 5
24 4
25 1
26 1
27 1
28 6
29 6
30 6
31 6
32 1
33 1
34 1
35 1
36 1
37 1
38 1
39 1
40 1
41 5
42 1
43 1
44 1
45 1
46 4
47 5
48 1
49 1
50 1
51 5
52 5
53 5
54 5
55 5
56 5
57 5
58 5
59 5
60 5
61 6
62 1
63 6
64 2
65 4
66 5
67 5
68 5
69 5
70 5
71 5
72 5
73 1
74 5
75 5
76 5
77 5
78 5
79 5
80 5
81 5
82 5
83 5
84 5
85 5
86 5
87 5
88 5
89 5
90 5
91 6
92 1
93 6
94 1
95 5
96 5
97 5
98 5
99 5
100 5
101 5
102 5
103 5
104 5
105 5
106 6
107 6
108 1
109 1
