0 23
1 7
2 33
3 5
3 6
3 17
4 0
4 5
5 18
6 8
6 18
7 23
8 12
8 16
9 4
10 5
10 12
10 16
11 13
12 31
13 7
13 8
14 1
14 6
15 6
16 6
17 1
18 1
18 9
18 19
19 2
20 18
21 6
22 23
23 0
23 9
23 14
23 17
23 18
23 29
24 7
25 1
25 9
26 8
27 21
27 23
28 2
28 12
28 16
28 18
29 8
30 4
31 5
32 4
32 21
33 7
33 9
34 5
35 10
36 12
36 16
37 32
38 23
39 4
40 23
40 24
41 7
41 19
42 18
43 35
44 2
44 10
44 12
44 16
45 13
45 29
46 2
47 13
47 21
48 7
48 18
49 25
49 31
50 0
50 10
50 18
50 23
51 5
52 19
53 9
54 1
54 6
54 9
55 15
55 23
56 5
57 4
58 23
59 1
60 5
60 9
61 4
61 25
62 22
63 4
63 23
64 7
65 3
65 7
66 9
67 18
68 7
69 19
69 25
70 2
70 20
71 10
72 24
73 3
73 10
73 14
73 19
74 25
75 28
76 30
77 23
78 5
78 23
79 22
80 1
81 10
82 23
82 29
83 1
84 7
84 18
84 28
85 18
85 23
86 4
86 5
86 6
86 23
87 9
88 7
88 23
89 1
89 4
90 4
91 27
92 1
92 4
92 6
92 9
92 10
92 19
92 31
93 15
94 8
95 12
95 16
96 2
97 10
98 5
98 18
98 21
98 23
98 29
99 23
100 18
101 23
102 23
103 0
103 12
103 16
104 2
105 28
106 1
107 21
108 1
109 5
109 35
110 29
111 4
112 1
112 2
112 9
113 7
114 6
115 18
115 23
116 4
117 1
118 7
118 18
119 2
119 14
120 4
121 0
122 27
123 3
124 30
124 31
125 14
126 5
127 8
128 2
128 7
129 18
130 0
130 2
130 7
130 18
131 7
132 1
133 12
133 16
134 7
135 23
136 27
137 7
138 2
138 5
139 2
139 5
139 6
139 12
139 16
140 8
141 7
142 4
142 19
143 18
143 34
144 7
144 18
145 7
146 6
146 7
146 10
147 31
148 29
149 5
150 30
151 18
152 4
152 31
153 17
154 1
155 15
156 21
157 4
158 1
159 4
159 14
160 6
160 21
161 9
162 7
162 18
163 24
164 23
165 0
165 35
166 5
167 6
168 4
169 7
170 29
171 7
172 4
173 18
174 23
174 29
175 2
175 24
176 9
176 18
177 24
178 18
178 32
179 12
179 16
180 8
181 17
182 7
182 23
183 1
184 12
184 16
185 3
185 4
185 12
185 16
