0 1
1 1
2 1
3 1
4 1
5 1
6 1
7 1
8 4
9 2
10 2
11 1
12 4
13 1
14 4
15 4
16 4
17 4
18 4
19 3
20 4
21 4
22 4
23 4
24 5
25 4
26 4
27 4
28 4
29 4
30 6
31 4
32 4
33 4
34 4
35 1
36 6
37 2
38 4
39 4
40 4
41 1
42 1
43 4
44 3
45 1
46 1
47 4
48 4
49 4
50 4
51 4
52 4
53 4
54 4
55 4
56 4
57 4
58 4
59 4
60 1
61 4
62 4
63 4
64 4
65 4
66 4
67 4
68 1
69 4
70 5
71 4
72 1
73 1
74 3
75 3
76 3
77 3
78 3
79 4
80 3
81 3
82 3
83 3
84 5
85 2
86 2
87 1
88 3
89 1
90 5
91 1
92 1
93 3
94 1
95 2
96 1
97 1
98 1
99 1
100 1
101 4
102 4
103 1
104 1
105 3
106 3
107 4
108 4
109 6
110 3
111 4
