0 5
0 6
0 17
1 28
2 28
3 0
3 5
4 18
4 23
5 10
5 18
5 23
6 7
7 22
8 5
8 18
8 24
8 29
8 31
9 4
10 15
11 19
12 1
12 2
13 25
14 3
14 22
15 18
16 1
17 21
17 22
18 5
18 8
18 31
19 32
20 0
20 9
20 14
20 17
20 18
20 29
21 17
22 8
23 4
24 5
25 18
26 4
27 18
28 0
28 8
28 25
28 32
29 7
30 25
31 4
32 17
33 15
34 1
35 7
36 15
37 17
37 19
38 2
39 5
40 22
41 17
42 25
43 3
43 5
44 7
44 18
45 22
46 23
47 4
48 1
49 3
49 7
50 7
51 1
51 9
51 25
51 31
51 35
52 25
53 18
54 2
55 14
55 18
55 23
56 7
56 25
57 5
58 7
58 9
59 25
60 1
61 17
62 10
62 15
62 18
63 10
64 4
65 1
65 35
66 23
67 4
67 7
67 9
67 10
67 13
67 18
68 5
69 17
69 23
70 7
70 23
71 25
72 2
72 27
72 31
73 21
74 5
74 9
75 1
75 13
75 25
76 5
76 10
76 11
77 7
78 23
78 24
79 6
80 4
81 17
81 29
82 22
83 4
84 1
84 10
85 2
85 5
86 29
87 1
87 27
88 4
89 7
89 9
89 26
90 5
91 7
92 7
92 18
93 9
94 27
95 18
95 23
96 19
97 29
98 19
99 22
100 9
101 1
101 9
102 31
103 4
104 7
105 30
105 31
106 3
106 25
107 31
108 15
109 2
109 25
110 15
111 17
112 5
113 35
114 10
115 4
115 18
116 3
116 25
117 19
118 7
118 18
118 22
119 17
120 2
120 22
121 8
122 5
123 2
123 28
124 4
125 2
126 4
127 4
128 2
128 5
128 18
129 9
130 2
130 7
131 17
131 18
132 19
133 2
134 18
135 2
135 4
135 12
135 16
135 23
135 24
136 0
136 3
136 7
136 24
137 2
138 13
139 1
140 19
141 28
142 7
143 9
144 24
145 18
146 25
147 9
147 28
148 5
148 28
148 37
149 2
149 22
150 17
151 25
152 23
153 7
154 29
154 33
155 12
155 16
156 7
157 2
158 6
158 8
158 9
158 22
159 2
160 18
161 2
