0 8
1 18
2 8
2 18
3 5
3 12
3 16
4 19
5 5
6 23
7 23
8 4
9 18
10 21
10 22
11 0
11 9
11 14
11 17
11 18
11 29
12 4
13 28
14 8
15 1
15 23
16 5
16 28
16 30
17 27
18 5
19 7
19 9
19 11
19 12
19 16
19 25
19 26
20 18
21 25
22 0
22 1
23 6
24 2
24 7
25 4
26 23
27 5
28 19
29 5
30 4
31 4
32 1
33 5
34 18
34 23
35 34
36 7
36 18
37 4
37 12
37 16
38 34
39 7
40 2
40 4
41 13
42 5
42 15
43 25
44 15
45 5
46 1
47 1
48 25
49 17
50 3
51 3
51 4
51 12
51 16
52 7
53 4
54 2
54 7
54 15
55 23
56 4
56 18
56 30
57 4
58 19
59 4
60 29
61 8
62 5
62 35
63 6
64 29
65 34
66 7
67 7
67 18
68 4
69 4
69 15
70 22
71 35
72 19
72 27
72 31
73 28
74 3
74 7
75 1
76 9
77 4
78 36
79 5
79 19
80 5
81 5
82 23
83 2
84 2
84 25
85 7
85 18
86 24
86 29
87 19
88 8
88 17
89 7
90 24
91 5
92 29
93 23
94 7
94 23
95 4
95 5
96 5
97 4
97 31
98 23
99 20
100 17
101 7
101 18
102 7
103 7
104 19
105 18
106 5
107 4
107 5
107 23
108 0
108 18
109 7
109 35
110 24
111 24
112 5
113 5
114 1
115 20
116 13
117 14
117 21
117 25
118 3
118 5
118 12
118 16
119 19
120 4
