0 5
1 5
1 6
1 17
2 2
2 7
2 12
2 16
2 28
3 7
4 15
4 32
5 4
5 7
6 15
6 31
7 19
8 37
9 18
9 23
10 23
11 22
12 23
13 7
14 29
15 14
16 5
17 9
18 1
18 6
19 4
20 23
21 36
22 24
23 19
23 21
23 25
24 4
24 18
24 23
24 24
25 2
26 25
27 25
28 5
29 21
29 29
30 36
31 7
32 3
32 6
33 7
34 18
35 0
35 9
35 14
35 17
35 18
35 29
36 23
36 29
37 2
37 8
37 13
38 18
39 2
39 18
39 23
40 7
41 24
41 29
42 7
42 23
43 2
44 2
45 2
45 10
45 12
45 16
46 7
46 21
47 5
48 0
48 1
49 4
50 1
51 1
52 7
53 7
53 9
53 10
53 18
53 25
54 1
54 5
55 5
56 4
57 28
58 3
58 5
59 29
60 7
60 20
61 4
