0 20
1 18
2 2
2 18
2 23
3 6
3 15
4 7
4 9
4 18
4 22
5 1
5 2
6 18
7 0
7 9
7 14
7 17
7 18
7 29
8 23
9 21
9 23
10 19
11 2
12 22
12 31
13 4
14 2
14 10
14 33
15 7
15 8
16 18
17 5
17 12
17 16
18 7
18 18
19 9
20 36
21 4
22 4
23 1
24 0
24 1
24 2
24 10
25 4
26 5
27 9
27 18
27 23
27 24
28 9
29 8
30 25
31 12
31 14
31 15
31 16
31 32
32 2
33 2
34 1
34 7
35 24
36 5
37 1
38 29
39 11
39 31
40 18
41 24
42 4
42 5
42 6
42 23
43 7
43 23
44 15
45 21
46 1
47 10
48 1
48 10
49 5
50 5
50 10
50 11
51 33
52 9
52 19
53 29
54 17
55 7
55 19
56 1
57 12
57 16
57 28
57 35
58 1
59 7
60 30
60 31
61 7
61 18
61 25
62 23
63 1
63 7
64 7
64 32
65 35
66 28
67 1
67 10
68 7
68 18
68 22
69 5
69 7
69 29
70 20
71 15
71 18
72 23
73 4
74 15
74 27
74 31
75 5
75 8
75 18
75 28
76 13
77 5
78 7
78 18
79 10
79 13
79 32
80 22
80 24
80 29
81 1
81 30
82 23
83 15
84 7
84 18
85 9
86 24
87 18
87 23
88 7
88 35
89 18
90 13
91 8
91 12
91 16
91 24
91 33
92 23
93 3
94 7
94 10
95 28
96 8
96 22
