0 8
1 5
1 6
1 17
2 0
2 5
3 8
3 18
4 3
4 14
4 17
4 18
5 7
6 7
7 5
8 4
9 3
10 5
10 7
11 1
11 9
11 19
12 23
13 1
13 2
14 17
15 1
15 2
15 35
16 8
17 23
18 9
18 12
18 16
18 25
19 8
20 7
21 13
22 5
23 8
24 5
25 4
26 22
27 15
28 13
29 10
30 7
31 17
32 27
33 2
33 7
34 1
35 28
36 10
37 5
38 22
39 5
40 29
41 2
41 4
42 2
42 30
42 31
43 7
44 1
44 9
44 25
44 31
44 35
45 19
46 15
47 5
48 2
49 18
50 24
51 31
52 1
53 25
54 30
55 15
56 10
57 18
58 1
59 32
60 22
61 7
61 18
61 28
62 2
62 7
62 10
63 7
64 1
64 12
64 16
64 20
65 1
65 4
65 6
65 9
65 10
65 19
65 31
66 1
67 15
68 0
68 2
68 4
68 7
68 18
68 22
68 36
69 21
70 30
70 31
71 26
72 1
72 25
73 7
73 18
74 4
75 4
76 4
77 2
77 9
77 25
78 5
78 20
78 27
79 1
79 12
79 16
80 0
80 5
81 12
81 16
81 27
81 32
82 4
83 27
84 4
84 6
84 27
85 19
85 27
85 31
86 10
87 0
87 6
88 4
89 15
90 13
91 18
92 8
93 7
94 4
94 7
94 18
95 2
95 25
96 2
96 3
96 18
96 24
97 7
97 18
98 18
99 24
99 29
100 15
101 5
101 7
102 7
103 9
104 8
105 21
106 18
107 1
107 9
108 4
109 4
110 20
110 23
111 1
112 15
112 18
113 37
114 4
115 14
116 20
117 7
117 18
118 7
119 0
119 6
120 7
121 22
122 22
123 18
124 4
125 7
125 22
126 22
127 7
127 18
128 1
129 4
129 32
130 20
131 6
132 2
133 9
134 4
