0 7
1 12
1 16
2 10
3 7
4 2
5 9
6 7
7 23
8 21
8 22
9 15
10 1
10 2
10 35
11 7
11 22
11 25
12 0
12 9
12 14
12 17
12 18
12 29
13 9
13 12
13 16
13 25
14 4
15 7
16 5
17 8
18 1
19 5
20 7
20 9
21 2
21 4
22 10
23 7
23 18
24 15
25 13
26 7
27 18
28 5
29 26
30 5
31 7
32 18
32 25
33 15
33 18
34 3
34 5
35 18
36 7
37 18
38 7
38 18
39 5
40 6
41 3
41 7
42 7
43 4
43 15
44 1
44 9
44 25
44 31
44 35
45 19
45 25
46 12
46 14
46 15
46 16
46 32
47 28
48 12
48 16
48 17
48 32
49 10
50 7
50 18
51 12
51 16
52 18
52 24
53 1
54 10
54 15
54 18
55 5
55 23
56 18
56 23
57 18
58 36
59 12
59 16
60 10
61 18
62 4
63 23
64 30
64 31
65 4
66 7
66 10
66 18
66 23
67 23
68 4
69 9
70 5
70 20
70 27
71 1
72 4
73 29
74 10
74 12
74 16
74 25
75 7
76 10
77 7
77 31
78 1
79 15
79 18
80 4
81 12
81 16
82 4
82 7
82 18
83 3
83 7
84 2
85 18
86 3
86 18
87 11
88 7
88 18
89 9
89 10
90 19
91 5
91 7
92 8
92 17
93 3
93 25
94 1
95 18
96 8
97 2
97 28
98 5
99 6
99 13
100 7
100 15
100 18
100 23
101 1
102 21
103 5
103 7
104 0
104 12
104 16
105 2
106 7
106 9
106 15
106 18
106 28
107 4
108 2
108 4
108 12
108 16
108 23
108 24
109 35
110 7
111 1
112 36
113 9
113 19
114 12
114 16
115 2
116 7
116 18
117 7
118 24
119 18
120 2
120 20
121 23
122 4
123 7
124 7
124 18
125 22
126 7
126 20
127 2
128 2
129 7
129 18
130 29
131 18
132 5
133 7
134 2
134 20
