0 20
1 5
1 6
1 17
2 28
3 0
3 5
4 5
4 12
4 16
5 17
6 1
7 4
8 7
8 9
8 18
8 22
9 7
10 17
11 1
11 7
12 8
13 26
14 8
15 1
15 9
16 12
16 16
17 5
17 23
18 2
18 12
18 16
18 31
19 18
20 5
21 4
22 10
23 8
24 9
24 23
24 25
25 5
26 18
27 15
28 7
28 18
29 12
29 16
30 5
30 7
30 17
30 28
31 7
32 3
33 15
34 10
35 4
35 18
35 23
35 24
36 4
36 15
37 6
38 17
39 18
40 17
41 23
41 29
42 26
43 4
44 7
44 23
45 7
46 7
47 5
48 2
48 5
48 6
49 30
49 31
50 4
51 6
52 4
53 10
53 15
54 29
55 29
56 4
57 10
57 12
57 16
57 25
58 4
58 7
59 7
60 7
60 8
60 14
61 7
61 13
62 1
63 2
64 31
65 7
66 4
67 4
68 1
68 5
68 24
68 29
69 24
70 19
70 30
71 19
72 1
72 22
73 4
74 23
75 5
76 2
76 18
77 2
78 6
78 10
78 12
78 14
78 16
78 32
79 29
80 1
80 30
81 1
81 24
82 23
83 17
84 4
84 7
84 23
85 1
86 2
86 5
87 7
88 2
88 17
89 0
89 15
90 12
90 16
91 34
92 2
92 24
93 8
94 25
95 2
96 20
97 4
98 2
99 4
100 15
