0 7
1 22
2 15
2 31
3 12
3 16
4 23
4 29
5 5
5 12
5 16
6 23
7 19
8 1
8 2
9 18
10 21
10 22
11 13
12 23
12 24
13 0
14 7
15 8
16 5
17 7
17 9
18 4
19 10
20 13
21 22
21 23
21 29
22 6
23 5
24 7
24 9
24 18
25 19
26 15
27 5
28 3
28 5
29 23
30 10
30 15
30 18
31 4
32 1
32 7
32 9
33 7
34 1
35 5
36 5
37 4
37 7
38 4
38 9
39 5
39 21
40 3
40 10
40 14
40 19
41 7
41 34
42 0
43 7
44 23
44 29
45 7
46 7
47 29
48 1
49 28
50 5
50 10
50 11
51 30
51 31
52 6
52 21
53 29
54 17
55 31
56 7
57 23
58 1
58 5
59 2
60 4
61 18
62 32
63 7
64 18
65 15
65 23
66 7
66 18
67 35
68 7
69 7
70 2
71 20
72 28
73 5
74 0
74 5
74 17
75 12
75 16
75 32
76 7
77 9
78 1
79 23
80 7
81 20
82 5
83 7
84 2
85 7
86 28
86 31
87 18
87 23
88 18
88 21
89 3
89 9
89 19
89 30
89 31
90 4
91 8
91 12
91 16
91 36
92 4
93 7
93 18
93 19
93 31
94 20
95 8
96 18
97 2
98 36
99 23
99 29
100 1
100 3
100 9
