0 2
0 7
0 12
0 16
0 28
1 5
1 6
1 17
2 29
3 4
4 37
5 3
5 7
6 23
6 29
7 23
8 7
9 2
10 20
11 31
12 23
13 7
13 8
13 14
14 25
15 23
16 4
16 5
16 9
17 30
18 19
19 5
19 7
20 7
21 1
21 2
22 25
23 1
24 1
25 19
26 7
27 3
27 6
28 4
28 7
29 7
30 7
30 18
31 10
31 15
31 18
32 1
32 9
33 1
34 5
35 8
36 33
37 7
37 18
37 28
38 25
39 6
40 25
41 7
41 23
42 4
42 5
42 23
43 12
43 29
44 2
45 6
45 26
46 4
46 6
46 31
47 23
48 18
49 10
50 1
50 5
50 9
51 13
51 29
52 7
52 24
53 13
54 7
55 25
56 8
57 6
57 15
57 21
58 25
59 31
60 5
61 18
61 23
62 4
63 7
63 18
64 13
65 7
66 7
67 6
68 7
68 29
69 30
70 4
71 9
72 2
72 28
73 6
74 1
74 31
75 9
76 25
77 13
78 10
79 7
80 21
81 36
82 25
