0 5
0 6
0 17
1 23
2 15
2 31
3 7
3 18
4 31
5 0
5 4
5 6
5 7
5 21
5 23
5 29
6 31
7 31
8 5
8 18
8 24
8 29
8 31
9 25
10 17
11 1
11 5
11 10
11 11
11 12
11 13
11 14
11 15
11 16
11 17
12 1
13 7
13 18
14 5
15 4
16 4
17 5
18 18
19 5
20 12
20 16
21 5
22 3
22 5
23 18
23 23
24 18
25 1
25 5
25 25
26 2
26 5
26 14
26 23
27 7
27 18
27 31
28 28
29 12
29 16
29 17
29 32
30 9
31 9
32 7
33 19
34 3
34 4
34 12
34 16
35 10
36 7
36 23
37 10
38 10
39 8
39 18
40 2
40 8
41 10
41 33
42 4
42 14
43 12
43 16
43 25
44 4
45 1
45 19
45 29
46 10
46 15
47 5
47 35
48 5
49 2
49 18
50 4
51 7
52 4
53 7
54 31
55 5
56 7
56 18
57 23
58 5
58 9
58 17
59 9
60 23
61 5
62 4
63 23
64 25
65 4
65 7
66 18
67 5
68 7
69 1
69 5
69 24
70 23
71 2
71 5
72 9
73 2
74 2
75 4
75 12
75 16
76 2
76 22
77 5
77 7
78 2
79 7
79 26
80 7
81 1
81 5
81 9
82 23
83 21
84 7
