0 5
0 6
0 17
1 7
2 0
2 5
3 12
3 16
4 4
4 13
5 18
6 7
7 9
8 29
9 29
10 23
11 25
12 0
12 1
13 12
13 16
14 12
14 16
15 19
16 3
17 6
18 7
18 9
19 7
19 9
19 18
19 22
20 7
20 18
21 25
22 6
22 20
23 3
23 22
24 18
25 30
26 0
26 9
26 14
26 17
26 18
26 29
27 4
28 7
29 26
30 8
31 5
32 34
33 23
34 17
34 23
35 5
35 23
36 7
36 24
37 18
38 23
39 10
40 4
41 22
42 5
43 2
44 10
45 25
46 0
47 3
48 1
49 15
50 5
51 5
51 24
51 28
52 18
52 23
53 7
54 28
55 18
56 5
57 9
58 1
59 6
59 13
59 15
59 22
59 24
60 7
60 15
61 0
61 14
61 18
62 19
63 7
64 2
64 3
64 5
65 19
65 25
66 7
67 15
68 18
69 28
70 24
71 0
72 25
73 1
74 18
75 8
76 6
77 25
78 1
79 18
80 4
81 28
82 7
82 18
82 28
83 3
83 4
83 12
83 16
84 18
84 19
84 21
85 26
86 2
86 6
86 12
86 13
86 16
86 33
87 7
87 23
88 4
88 6
89 6
89 18
89 23
90 21
91 15
92 5
93 22
94 1
95 6
95 19
96 5
96 10
96 11
97 21
97 25
97 31
98 4
99 5
99 18
99 21
99 23
99 29
100 4
101 6
102 8
102 18
102 23
103 4
104 29
105 4
106 5
106 12
106 16
107 1
108 13
109 4
109 7
110 1
111 7
112 18
113 7
113 18
114 24
114 29
115 8
116 35
117 34
117 38
118 2
119 2
119 6
120 7
121 22
122 8
123 2
124 18
125 18
126 15
127 5
128 20
129 5
130 0
130 13
130 23
131 17
132 22
132 24
132 29
133 20
134 17
135 15
136 5
137 4
137 10
138 8
139 35
140 5
140 8
141 32
142 7
143 6
144 24
145 29
146 18
147 22
148 36
149 6
150 2
151 23
152 1
153 1
154 28
155 13
156 22
157 1
158 22
159 5
160 18
160 23
160 29
161 23
162 18
162 23
163 24
164 15
165 7
165 19
165 21
165 22
