0 5
0 6
0 9
0 10
0 11
0 13
0 21
0 31
1 7
1 10
2 7
3 1
3 2
3 9
4 20
5 22
6 2
7 4
8 9
8 18
8 30
8 35
9 1
9 9
9 25
9 31
9 35
10 7
10 19
11 19
11 25
12 12
12 16
13 20
14 7
14 13
15 20
16 23
17 1
17 7
18 27
19 15
20 3
21 6
22 17
23 15
24 2
25 1
25 2
26 7
27 2
28 1
29 5
30 3
30 18
31 22
32 3
33 1
34 24
35 25
36 30
37 8
38 5
39 26
40 7
40 22
40 29
41 1
41 7
42 15
43 9
43 22
44 20
44 27
44 31
45 0
45 1
46 1
46 13
46 25
47 1
48 31
49 3
49 25
50 8
50 23
51 15
52 22
53 23
54 4
54 22
54 23
55 2
55 5
55 6
56 12
56 16
57 5
58 24
59 7
60 7
61 19
62 31
63 4
64 5
65 25
66 35
67 1
67 25
68 23
69 18
69 23
70 6
70 10
70 21
71 2
72 7
73 18
73 23
74 23
75 0
75 5
