0 23
0 29
1 7
2 33
3 15
3 31
4 1
5 9
6 22
7 25
8 31
9 1
9 6
10 15
11 3
12 1
12 2
13 7
14 2
14 5
14 18
14 23
14 30
14 31
14 36
15 18
16 8
17 0
17 9
17 14
17 17
17 18
17 29
18 26
19 5
20 7
20 9
21 7
22 2
22 29
23 27
23 31
24 4
25 25
26 5
27 0
27 8
27 25
27 32
28 1
28 8
29 12
29 16
29 18
30 25
31 4
32 5
33 17
34 4
35 5
36 31
37 25
38 18
38 23
39 23
40 7
41 15
41 22
42 2
43 7
44 18
45 2
45 7
45 12
45 16
45 28
46 5
47 19
48 7
49 1
49 20
49 31
50 25
51 4
51 18
51 23
51 24
52 12
52 16
53 7
54 1
55 10
56 23
57 32
58 7
58 18
58 28
59 5
59 21
60 17
61 10
61 24
62 7
63 23
64 5
65 1
66 22
67 33
68 12
68 16
69 4
70 7
70 10
70 18
70 23
71 19
72 17
72 29
73 4
74 2
75 9
75 22
76 21
77 5
77 35
78 29
79 7
79 18
80 22
81 7
82 7
82 20
83 22
84 7
84 38
85 18
86 4
86 14
86 19
86 25
87 4
87 10
88 4
89 9
90 7
91 0
91 10
91 12
91 16
92 7
93 2
93 14
94 2
94 5
94 6
94 12
94 16
95 25
96 30
96 31
97 4
97 22
98 1
99 7
100 9
100 22
101 0
101 10
101 22
101 25
101 30
102 2
103 6
104 4
105 4
105 7
105 10
106 4
107 10
108 18
109 23
109 29
110 5
111 5
111 23
112 18
113 25
114 1
114 12
114 16
115 2
115 4
116 23
117 17
118 7
118 18
119 7
120 7
121 24
121 29
122 18
123 1
124 4
125 22
126 2
127 2
128 5
129 7
130 25
131 1
131 3
131 9
132 24
