0 2
1 5
1 6
1 17
2 23
2 29
3 7
4 0
5 0
5 5
6 8
7 23
7 24
8 23
9 7
9 18
10 7
10 17
11 9
12 29
13 7
13 18
14 31
15 12
15 16
16 1
16 2
17 8
18 1
18 2
18 35
19 8
20 12
20 16
21 1
22 5
22 12
22 16
23 6
23 10
23 18
23 23
23 29
24 8
25 5
26 1
26 5
26 7
26 12
26 13
26 16
26 18
26 25
26 27
27 7
27 9
28 10
29 23
30 7
30 15
30 18
31 2
32 5
32 13
32 30
32 31
32 35
33 36
34 17
35 13
35 29
36 6
37 2
37 7
38 36
39 22
40 9
40 17
40 25
40 35
41 18
42 5
43 1
43 4
43 6
43 12
43 16
43 21
44 5
45 19
46 15
47 5
48 7
48 18
49 9
50 15
51 3
51 5
52 5
53 5
54 19
55 18
55 23
56 7
57 4
58 22
59 18
60 10
61 5
62 4
62 7
63 7
63 15
64 27
65 1
65 2
66 3
66 7
67 1
67 9
67 25
67 31
67 35
68 7
69 22
70 2
70 5
71 8
72 29
73 29
74 5
75 5
76 1
77 7
77 10
77 18
78 25
79 7
80 23
81 9
81 15
81 18
82 7
82 18
82 28
83 1
84 2
85 10
85 19
86 6
87 5
88 7
89 1
89 3
89 4
89 18
89 23
89 27
90 4
91 21
92 10
93 6
93 25
94 1
94 4
94 6
94 9
94 10
94 19
94 31
95 15
96 7
96 13
96 18
97 28
98 23
98 27
99 5
99 10
99 11
100 10
100 12
100 16
101 3
102 4
103 20
104 0
104 21
105 4
106 9
107 17
107 29
108 28
109 29
110 29
111 4
112 30
112 31
113 4
114 7
115 7
115 12
115 16
116 28
117 3
118 7
118 8
118 14
119 27
120 7
120 13
121 0
121 10
121 12
121 16
122 13
123 4
124 4
125 24
126 5
127 7
128 4
128 7
129 23
129 29
130 4
130 18
131 2
132 3
132 18
133 31
134 15
134 18
135 7
136 5
137 5
138 21
139 4
139 5
139 18
140 15
140 27
140 31
141 18
142 27
143 0
143 13
143 23
144 5
145 37
146 2
147 1
147 24
148 7
148 18
149 4
150 1
150 30
151 9
152 12
153 23
154 5
154 7
154 10
154 12
154 16
154 30
155 29
156 7
157 1
158 2
159 2
160 15
160 23
161 7
161 18
161 31
162 3
163 9
164 20
165 3
166 24
167 5
167 10
167 25
167 27
167 28
168 7
168 23
169 2
170 2
171 3
172 13
173 6
174 15
175 2
176 23
177 1
177 5
177 9
178 21
179 25
180 1
181 29
182 1
183 7
183 20
184 28
185 7
185 15
185 18
186 7
187 0
187 2
187 5
187 10
188 4
188 20
189 3
189 5
189 12
189 16
