0 5
0 6
0 17
1 0
2 8
3 5
4 7
5 31
6 7
7 5
7 7
8 4
8 8
8 18
9 7
9 9
9 18
9 22
10 1
10 2
11 17
12 1
13 7
14 8
15 5
16 7
16 9
17 7
17 18
18 5
19 12
19 16
20 0
20 5
20 7
20 10
20 15
21 10
22 4
23 2
23 7
24 1
25 13
25 21
26 4
26 22
26 23
27 10
28 1
29 7
29 9
29 18
30 28
31 19
32 19
33 3
34 5
35 5
36 18
36 25
37 15
38 3
38 5
39 2
39 5
39 18
40 22
41 2
41 5
41 7
41 21
41 23
41 24
41 37
42 9
43 7
44 7
45 4
45 7
46 22
47 5
48 2
48 4
49 7
50 3
51 1
51 9
51 25
51 31
51 35
52 21
53 15
54 5
55 9
56 28
57 23
58 7
58 25
59 15
60 5
61 2
61 5
61 18
62 18
63 4
64 23
64 29
65 28
66 2
67 1
68 0
68 29
69 37
70 7
70 23
71 10
72 7
72 13
72 18
73 1
74 6
75 4
76 2
76 9
76 25
77 29
78 4
79 13
79 19
79 25
80 29
81 4
82 7
83 7
83 21
83 29
83 31
84 8
85 6
86 7
87 2
88 25
89 5
90 15
91 2
92 18
93 4
94 32
94 35
95 13
96 4
97 9
97 10
98 35
99 4
99 18
100 4
101 22
102 9
103 4
104 3
105 6
106 18
106 21
107 2
108 7
109 2
110 25
111 1
112 5
113 21
114 5
115 4
116 9
117 4
117 23
118 6
118 10
118 12
118 14
118 16
118 32
119 2
120 15
120 18
121 7
121 29
122 18
123 5
124 5
125 10
126 37
127 0
127 2
127 5
127 12
127 30
127 32
128 4
129 22
129 24
129 29
130 23
131 15
131 31
132 15
133 19
133 21
133 25
134 7
134 18
135 13
136 22
137 7
137 18
138 7
139 23
140 9
141 3
142 22
143 0
143 23
144 2
144 22
145 5
146 1
146 9
146 25
147 31
148 4
148 18
149 4
149 5
149 23
150 2
150 7
151 4
152 4
153 10
154 3
154 4
154 9
155 2
155 24
156 2
156 4
157 25
158 7
159 18
159 29
160 3
160 7
161 4
161 21
161 28
162 4
163 6
163 8
163 9
163 22
164 2
165 29
166 19
167 35
168 20
169 13
170 17
171 23
172 18
172 23
173 11
173 27
174 3
174 10
