0 7
1 15
2 6
3 6
4 0
4 15
4 22
4 24
5 19
6 3
6 4
6 12
6 16
7 19
7 25
8 2
8 4
8 12
8 16
8 23
8 24
9 18
10 5
11 28
12 5
13 6
14 5
14 7
15 23
16 36
17 10
18 6
19 23
20 31
21 1
22 18
23 1
24 1
24 2
24 35
25 4
26 4
27 18
27 23
28 0
28 9
28 14
28 17
28 18
28 29
29 0
29 5
29 18
29 35
30 2
31 25
32 7
33 23
34 8
35 0
35 36
36 8
37 27
38 2
39 6
40 28
40 31
41 7
41 23
42 6
43 19
44 6
44 7
45 35
46 12
47 4
48 9
48 24
48 29
49 10
49 12
49 16
49 23
50 2
51 2
51 7
52 23
53 7
54 0
55 5
55 23
56 12
56 16
57 4
57 22
57 23
58 25
59 1
59 5
59 7
60 4
61 18
61 29
62 12
62 16
62 23
63 4
64 5
64 31
65 19
66 4
67 6
68 1
69 7
69 18
70 4
71 13
72 18
73 17
74 7
75 4
76 18
77 2
78 23
78 29
79 1
79 6
79 15
80 29
81 7
82 22
83 36
