0 8
0 18
1 18
2 15
2 31
3 5
4 4
5 9
6 7
7 4
8 6
9 1
9 9
9 19
10 9
11 3
11 22
12 7
13 21
13 22
14 0
14 9
14 14
14 17
14 18
14 29
15 23
15 24
16 7
16 23
17 8
18 18
19 24
20 28
20 29
21 18
22 13
22 29
23 3
24 2
24 30
24 31
25 4
26 5
27 18
27 29
28 7
29 5
29 7
30 7
31 2
32 2
32 4
33 4
34 3
34 7
35 5
35 15
36 1
37 2
38 24
39 4
39 18
39 23
39 24
40 12
40 16
41 1
42 23
42 29
43 21
44 4
45 0
45 2
45 4
45 7
45 18
45 22
45 36
46 6
46 24
47 6
48 18
49 4
50 23
51 0
52 12
52 16
52 18
52 23
52 24
53 4
53 17
53 21
54 2
54 9
55 23
56 5
57 7
58 3
59 0
59 10
59 12
59 16
60 6
60 21
60 23
61 20
62 6
63 5
64 7
65 31
66 1
66 7
67 9
67 12
67 16
68 1
68 5
68 24
68 29
69 31
70 4
71 4
72 4
73 8
73 28
74 25
75 12
75 16
76 7
76 18
77 4
78 6
78 7
78 10
79 5
80 4
81 8
82 1
83 1
84 7
84 18
84 31
85 15
85 35
86 4
87 6
88 1
88 9
89 10
90 3
90 4
90 9
91 8
92 6
93 5
93 12
93 14
93 16
94 6
94 7
94 10
94 12
94 16
94 21
95 4
