0 22
1 18
2 1
3 15
3 31
4 23
5 12
5 16
5 19
5 31
6 18
7 9
8 31
9 1
9 6
10 3
11 1
12 5
12 7
13 6
13 20
14 18
15 1
16 0
16 9
16 14
16 17
16 18
16 29
17 4
18 7
19 26
20 8
21 27
22 7
22 24
23 28
24 5
25 25
26 13
27 13
27 29
28 1
29 25
30 10
31 1
32 9
32 17
32 25
32 35
33 19
34 17
35 18
35 23
36 17
37 17
38 23
39 5
40 9
41 18
41 23
42 23
43 5
44 2
44 4
45 2
45 18
45 24
46 12
46 16
47 1
47 2
48 12
48 16
49 1
49 9
49 25
49 31
49 35
50 1
50 20
50 31
51 19
51 25
52 4
52 13
53 21
54 5
55 24
56 7
56 25
57 24
58 3
58 10
58 14
58 19
59 10
59 15
59 18
60 10
61 23
62 4
62 10
62 12
62 14
62 16
63 29
64 4
64 7
64 9
64 10
64 13
64 18
65 7
65 18
65 28
66 3
66 4
66 12
66 16
67 18
68 13
68 18
69 7
69 23
70 4
70 6
71 7
72 5
72 9
73 10
73 15
73 17
74 10
74 21
75 6
76 9
76 22
77 1
77 19
77 21
78 6
78 15
78 21
79 23
80 33
81 30
81 31
82 6
82 21
83 23
84 23
85 7
85 10
86 24
87 10
87 15
88 29
89 7
90 5
90 12
90 16
91 7
92 4
93 2
94 5
95 7
96 26
97 7
98 18
99 7
100 10
101 7
102 17
103 23
104 3
105 7
106 4
106 12
106 16
107 7
107 22
108 2
109 20
110 5
111 7
112 5
113 6
114 23
115 2
115 7
116 8
117 7
118 2
119 35
120 5
121 23
122 34
123 1
124 6
125 7
125 18
126 1
127 26
128 5
128 23
128 29
129 31
130 18
131 5
132 21
133 2
134 25
135 7
135 29
136 5
136 29
137 18
138 17
138 18
139 15
140 18
141 4
142 1
142 30
143 23
144 2
145 4
145 12
145 16
146 35
147 7
147 18
148 4
148 14
149 7
150 3
151 15
152 6
153 25
154 23
155 23
156 13
157 2
158 5
159 7
160 4
161 30
162 23
163 25
164 1
165 24
166 15
167 23
168 4
169 31
170 6
171 3
171 14
171 17
171 25
172 17
173 17
174 7
175 8
175 22
176 7
177 12
177 16
