0 5
0 13
0 15
0 36
1 5
1 6
1 17
2 23
2 29
3 0
3 5
4 8
4 18
5 15
6 18
7 6
7 25
8 18
9 7
10 31
11 7
12 5
12 18
12 24
12 29
12 31
13 1
13 9
13 19
14 7
15 1
15 2
16 2
17 10
18 3
18 22
19 2
19 31
20 18
21 21
21 22
22 8
23 25
24 5
24 12
24 16
25 31
26 9
26 12
26 16
26 25
27 7
28 7
28 18
28 31
29 15
29 35
30 29
31 8
32 23
33 5
34 6
34 28
34 31
35 12
35 16
36 34
37 0
37 8
37 25
37 32
38 4
39 5
39 13
39 30
39 31
39 35
40 25
40 31
41 31
42 13
43 5
43 8
43 9
43 18
43 28
44 18
45 13
45 29
46 2
46 7
47 1
48 5
48 22
49 13
49 21
50 2
50 30
50 31
51 3
52 7
52 18
53 7
53 15
53 18
54 10
55 6
56 21
57 5
58 5
59 12
60 9
61 4
62 15
63 9
63 23
63 25
64 5
65 31
66 10
67 9
68 1
69 5
70 18
71 1
71 4
71 5
71 10
71 17
71 35
72 5
72 6
72 9
72 10
72 11
72 13
72 21
72 31
73 5
74 7
75 1
75 9
75 25
75 31
75 35
76 18
77 1
78 2
78 5
79 21
80 25
81 1
81 5
81 7
82 36
83 2
84 5
85 7
86 29
87 7
88 19
89 25
90 13
91 18
92 22
93 4
93 22
93 23
94 2
95 7
95 18
95 28
96 18
96 19
96 21
97 1
97 4
98 3
98 7
99 29
100 1
100 12
100 16
101 1
102 4
102 26
103 6
103 24
104 9
105 30
105 31
106 1
106 2
106 5
106 13
106 15
107 4
108 9
108 22
109 5
109 8
109 9
110 4
111 10
111 15
112 28
113 2
114 2
114 9
114 25
115 4
116 29
117 29
118 4
119 5
120 3
121 27
121 31
122 4
122 7
123 3
124 7
125 7
125 15
125 22
125 35
126 4
126 10
127 3
127 5
127 21
128 1
129 7
129 13
130 0
130 10
130 12
130 16
131 17
131 35
132 1
133 2
134 31
135 12
135 16
136 4
136 7
136 18
137 12
137 16
137 17
138 2
139 18
140 0
140 36
141 5
142 7
143 18
143 23
144 1
145 36
146 8
147 4
147 7
148 35
149 10
150 7
151 3
151 18
152 18
152 23
153 5
153 23
153 29
154 6
155 0
155 14
156 3
157 5
158 8
159 4
160 2
161 4
162 9
163 5
164 5
165 12
165 16
166 29
167 5
168 5
169 19
170 37
171 15
172 6
172 21
173 8
174 5
175 7
175 18
176 5
176 7
176 10
176 12
176 16
176 30
177 7
178 7
179 13
180 7
181 2
181 27
181 28
182 23
183 8
184 24
185 18
186 28
187 2
188 17
189 1
189 13
189 23
190 5
191 28
192 7
193 7
194 22
195 2
196 25
197 1
198 25
199 15
200 18
201 4
