0 5
0 6
0 17
1 4
1 12
1 16
2 0
2 5
3 1
4 18
5 15
5 31
6 9
7 13
8 7
9 31
10 25
11 1
11 5
12 12
12 16
13 23
14 5
14 18
14 24
14 29
14 31
15 4
16 5
16 7
17 5
17 12
17 16
18 3
18 22
19 7
20 18
21 17
22 21
22 22
23 1
23 7
24 6
25 1
26 7
27 6
27 28
27 31
28 8
29 17
30 23
31 5
32 4
32 6
32 7
32 13
32 18
32 21
32 32
33 7
33 15
33 18
34 4
35 31
36 22
37 0
37 8
37 25
37 32
38 13
39 23
39 28
40 4
41 13
41 29
42 12
42 16
43 9
44 1
45 4
46 5
47 5
48 7
49 18
50 2
51 23
52 10
53 17
54 7
54 25
55 10
55 19
55 21
55 27
55 35
56 29
57 10
58 18
58 23
59 22
60 23
61 18
62 31
63 28
64 22
65 18
66 29
66 33
67 5
67 6
67 9
67 10
67 11
67 13
67 21
67 31
68 5
69 1
69 4
70 1
70 6
70 7
71 7
72 7
73 1
73 9
73 25
73 31
73 35
74 19
75 19
75 25
76 24
77 17
78 10
79 4
80 7
80 25
81 19
82 7
83 0
84 2
85 29
86 10
87 5
87 23
88 35
89 23
90 18
90 23
90 26
91 23
92 12
92 15
92 16
92 21
93 23
94 7
94 18
94 28
95 3
95 4
95 12
95 16
96 4
96 5
96 6
96 23
97 9
98 1
98 4
98 6
98 9
98 10
98 19
98 31
99 4
99 7
99 23
100 10
101 23
102 7
102 23
102 29
103 30
103 31
104 18
105 7
106 4
107 4
108 7
108 23
109 2
109 5
109 20
109 23
110 4
111 31
112 12
112 16
113 28
114 6
115 12
115 16
116 25
117 4
118 7
119 4
120 12
120 16
120 18
120 23
121 7
122 7
122 13
123 9
124 3
124 25
125 18
125 23
126 20
127 5
128 4
128 18
128 23
129 10
130 5
130 15
131 15
132 6
132 21
133 29
134 4
135 5
136 7
137 12
137 16
137 18
137 25
138 14
139 23
140 35
141 9
141 22
142 2
143 3
143 25
144 1
144 5
145 2
146 3
146 5
146 18
146 23
147 0
147 12
147 13
147 16
147 21
148 18
149 7
150 10
150 15
151 21
152 31
153 7
154 28
155 12
155 16
156 4
157 32
158 4
159 25
160 2
160 4
161 15
162 12
162 16
162 24
163 4
164 18
165 23
166 15
167 7
167 18
168 7
169 1
169 20
170 28
171 1
171 7
172 6
173 24
174 18
174 24
175 2
175 22
176 7
176 23
177 5
178 6
179 17
180 2
181 23
182 25
183 4
184 15
185 15
186 20
187 18
187 23
188 4
189 8
189 22
190 18
190 23
191 0
192 19
192 35
193 1
194 19
195 1
