0 4
0 18
0 21
1 5
1 6
1 17
2 7
3 15
3 31
4 12
4 16
5 23
5 29
6 2
7 10
7 18
7 23
8 7
9 1
10 31
11 5
11 18
11 24
11 29
11 31
12 4
13 14
13 17
13 25
14 10
15 17
16 3
16 22
17 7
18 18
19 7
19 22
19 25
20 6
21 0
21 9
21 14
21 17
21 18
21 29
22 5
23 1
23 9
24 17
24 23
25 7
25 18
26 4
27 31
28 34
29 13
30 0
30 8
30 25
30 32
31 7
32 10
33 13
34 36
35 6
36 5
37 17
38 19
39 7
40 7
40 18
41 12
41 16
42 5
43 17
44 7
45 3
45 5
46 5
47 6
47 21
48 1
49 5
50 7
51 7
52 2
52 12
52 16
53 7
53 18
54 18
54 23
55 17
55 18
56 29
56 33
57 21
58 2
58 4
59 15
60 1
61 1
61 10
62 12
62 16
63 3
63 7
64 7
64 9
65 1
66 2
66 7
67 5
67 15
68 1
69 29
70 23
71 3
71 10
71 14
71 19
72 10
73 4
74 12
74 16
75 25
76 9
77 1
78 1
79 5
80 23
81 18
81 23
82 1
83 6
84 9
85 1
85 27
85 37
86 7
86 23
87 31
88 10
88 13
89 15
90 13
90 14
91 9
92 12
93 7
93 13
93 18
94 6
94 10
95 26
96 5
96 10
96 11
97 2
97 5
97 6
98 7
99 23
100 31
101 7
102 2
102 9
102 25
103 4
104 4
105 1
106 17
107 10
107 12
107 16
107 25
108 4
108 7
109 5
110 19
110 27
110 31
111 3
112 7
112 18
113 3
114 7
115 4
116 1
116 9
117 31
118 4
119 18
120 15
120 35
121 1
122 23
123 31
124 23
125 28
126 18
127 1
128 31
129 8
129 17
130 31
131 1
131 9
132 4
133 2
133 5
133 6
133 12
133 16
134 2
134 31
135 4
136 2
136 28
137 7
138 2
139 4
140 32
141 17
142 25
143 7
144 5
145 6
145 21
146 9
147 15
148 2
149 9
150 15
151 20
152 4
153 7
154 7
155 36
156 18
157 7
158 31
159 0
159 6
160 32
161 15
161 35
162 7
163 3
164 24
165 31
166 2
167 2
167 22
168 7
168 25
169 29
170 26
171 7
171 35
172 6
172 15
172 23
172 32
173 1
173 6
173 31
174 9
174 18
175 7
176 31
177 17
178 7
178 18
179 31
180 7
180 10
181 28
182 31
183 1
184 23
185 2
186 4
