0 5
0 6
0 17
1 12
2 1
2 9
3 2
3 8
3 20
3 31
4 5
4 7
5 19
6 7
6 23
6 29
7 8
8 0
8 9
8 14
8 17
8 18
8 29
9 18
9 23
10 7
10 23
11 27
12 8
13 18
14 7
14 9
15 7
16 26
17 10
18 1
19 12
19 16
20 4
21 7
22 34
23 31
24 4
25 5
26 1
27 5
28 1
29 9
30 5
31 7
32 22
33 18
34 1
35 12
35 16
36 12
36 14
36 15
36 16
36 32
37 19
37 25
38 15
39 1
40 19
41 5
42 1
42 23
43 29
44 2
44 7
44 10
45 23
46 10
47 2
47 4
47 5
47 10
48 10
49 6
49 15
49 21
50 1
51 10
52 17
52 29
53 4
54 6
54 7
55 1
56 4
56 6
56 27
57 9
58 19
58 31
59 4
59 12
59 16
60 8
61 12
61 16
62 7
63 2
63 25
64 29
65 13
65 14
66 1
66 5
66 24
66 29
67 2
68 5
68 35
69 4
70 4
70 5
70 18
71 17
72 31
73 7
73 9
74 2
75 1
75 30
76 23
77 17
78 10
79 6
80 23
81 15
82 9
82 28
83 6
83 13
84 1
85 6
86 7
86 10
87 3
87 19
88 3
89 6
89 13
90 5
91 23
92 1
92 3
92 9
93 25
