0 5
0 6
0 17
1 33
2 15
2 31
3 7
4 6
5 5
5 12
5 16
6 7
7 15
7 19
7 26
7 31
8 4
8 20
9 7
9 9
10 15
11 2
12 7
12 9
12 18
12 22
13 10
13 14
13 29
14 18
15 7
15 23
16 21
16 22
17 2
17 5
18 8
19 8
20 5
21 7
21 9
22 9
22 31
23 10
24 11
25 7
26 1
26 31
27 7
28 7
28 18
29 3
30 2
30 30
30 31
31 7
31 17
31 18
32 4
33 3
34 9
35 5
36 7
37 6
38 8
39 5
40 3
40 5
41 7
42 22
43 2
44 19
45 5
46 1
47 2
48 2
49 1
49 7
50 7
50 18
51 24
52 5
53 5
54 3
54 10
54 14
54 19
55 0
56 7
57 25
58 23
59 17
60 18
61 26
62 1
63 6
64 31
65 2
65 5
65 23
66 7
67 2
67 4
67 5
67 28
67 31
67 36
68 13
69 24
70 5
71 6
71 15
71 21
72 7
72 9
72 10
72 18
72 25
73 23
73 29
74 4
75 4
76 6
76 24
76 33
77 29
78 7
78 38
79 15
79 19
80 4
80 17
80 21
81 18
81 29
82 7
82 19
83 7
83 13
84 1
85 0
85 10
85 12
85 16
86 14
87 7
87 8
87 23
87 25
88 4
88 18
89 8
90 5
91 23
92 7
92 18
92 22
93 28
94 23
95 4
96 18
97 2
98 5
98 15
99 31
100 5
101 5
102 4
102 5
103 17
104 0
104 3
104 7
104 24
105 4
106 20
107 13
108 29
109 7
109 19
110 31
111 7
111 18
112 5
113 18
113 21
114 22
114 28
115 4
116 4
117 8
118 7
119 2
119 9
120 18
120 29
121 35
122 8
122 22
