0 20
1 5
1 6
1 17
2 2
2 5
3 1
4 31
5 12
5 16
6 7
6 10
6 18
6 25
7 1
7 2
8 18
9 21
9 22
10 23
11 0
11 9
11 14
11 17
11 18
11 29
12 7
13 8
14 1
14 5
14 10
14 11
14 12
14 13
14 14
14 15
14 16
14 17
15 17
15 23
16 18
17 7
17 18
18 21
19 24
20 31
21 10
21 24
22 0
22 1
23 13
23 29
24 21
25 25
26 1
27 5
28 10
29 9
30 5
31 2
32 7
32 18
33 20
34 5
35 24
35 29
36 10
36 15
36 18
37 22
38 2
38 18
38 24
39 2
40 23
41 1
42 25
43 23
43 29
44 24
45 23
46 1
46 10
47 9
48 18
48 23
49 32
50 7
51 0
51 2
51 4
51 7
51 18
51 22
51 36
52 3
53 30
53 31
54 1
55 23
56 6
57 18
58 4
59 6
60 3
60 8
60 17
60 32
61 4
62 17
62 29
63 22
64 23
64 24
65 2
65 9
65 25
66 21
67 4
68 5
69 10
69 12
69 16
69 25
70 2
70 22
70 23
71 12
71 16
72 1
73 23
74 8
74 17
75 4
76 1
77 12
77 16
78 7
79 18
80 5
81 2
81 25
82 15
82 23
83 3
83 6
84 25
84 35
85 7
86 7
86 18
87 7
88 19
89 4
90 5
91 2
91 5
91 6
91 12
91 16
92 15
93 2
93 28
94 4
95 21
96 18
97 2
98 5
98 27
98 28
99 27
100 10
101 23
102 5
103 15
103 35
104 28
105 1
105 7
106 6
107 29
108 5
108 10
108 25
108 27
108 28
109 18
110 24
111 5
112 15
113 25
114 20
115 23
116 7
117 1
118 17
119 4
120 2
120 13
120 28
