0 5
0 6
0 17
1 28
2 9
3 4
3 18
3 19
4 15
4 31
5 23
5 29
6 12
6 16
7 7
7 9
8 9
9 2
9 34
10 6
11 10
12 31
13 4
14 5
14 18
14 24
14 29
14 31
15 4
16 15
17 7
18 18
19 7
20 7
20 23
21 8
22 8
23 13
24 18
24 23
25 9
25 12
25 16
25 25
26 4
27 7
27 18
27 31
28 1
29 27
30 7
31 8
32 1
32 23
33 0
33 9
33 14
33 17
33 18
33 29
34 4
35 10
36 7
36 18
37 31
38 0
38 8
38 25
38 32
39 9
39 24
39 29
40 13
40 29
41 15
41 24
41 33
42 5
42 12
42 16
43 25
44 3
45 25
46 6
46 18
47 4
48 1
49 15
50 2
50 5
51 5
52 7
52 18
53 7
54 3
54 5
55 9
55 23
55 25
56 5
57 5
58 22
59 17
59 18
60 10
61 5
61 6
61 9
61 10
61 11
61 13
61 21
61 31
62 30
62 31
63 4
64 2
64 4
65 22
66 4
66 7
67 4
68 12
68 16
69 25
70 1
71 7
72 19
73 19
73 25
74 2
74 10
74 34
75 28
76 3
76 10
76 14
76 19
77 18
78 25
79 7
80 10
80 15
80 18
81 4
82 26
83 7
83 18
83 28
84 29
85 7
85 23
86 2
86 7
86 10
87 7
88 12
88 16
89 4
90 21
91 23
92 21
93 7
94 2
94 8
95 5
95 10
95 11
96 30
96 31
97 23
98 9
98 22
99 19
100 23
101 10
102 7
102 18
103 4
104 6
104 7
105 2
105 9
105 25
106 1
106 10
107 21
108 5
108 35
109 6
110 29
111 7
112 1
112 27
113 5
113 12
113 16
114 0
114 5
115 7
116 12
116 16
117 7
118 13
119 18
120 4
120 17
120 21
121 3
121 5
121 21
122 21
123 3
124 6
125 7
126 27
127 2
127 7
128 7
128 13
129 27
130 2
130 25
130 29
131 2
132 7
133 2
133 14
134 4
135 5
136 7
136 24
137 7
138 7
139 2
140 2
141 12
141 16
141 18
141 25
142 12
142 16
143 19
144 5
144 7
145 35
146 7
146 18
147 4
148 19
149 17
149 25
149 36
150 18
151 7
152 29
153 31
154 7
155 7
156 21
156 29
157 7
157 37
158 5
158 27
158 28
159 15
159 27
159 31
160 2
161 2
162 7
163 8
164 5
164 23
165 5
165 23
166 22
166 24
166 29
167 17
168 5
168 7
168 18
169 20
170 1
171 15
171 18
172 4
172 7
172 23
173 35
174 4
175 13
176 18
177 4
178 1
179 6
179 19
179 21
180 23
181 7
182 22
183 5
184 13
185 1
186 23
187 21
188 1
188 6
188 31
189 25
190 18
191 23
192 25
193 15
194 4
195 33
196 23
196 29
197 25
198 4
199 20
