0 5
0 6
0 17
1 7
2 8
2 18
3 22
4 15
4 23
5 18
5 23
6 5
7 1
7 9
8 23
9 4
10 1
10 7
10 10
10 29
11 7
11 9
11 18
11 22
12 19
13 17
14 3
14 22
15 13
16 21
16 22
17 4
17 23
18 7
18 22
18 25
19 2
19 5
20 0
20 9
20 14
20 17
20 18
20 29
21 28
22 4
23 7
24 2
25 8
26 5
27 7
27 9
28 7
28 18
29 23
30 7
30 24
31 29
32 1
32 9
33 20
33 27
33 31
34 25
35 13
35 29
36 2
37 7
37 24
38 13
38 21
39 28
40 19
41 3
41 5
42 5
43 10
43 19
43 21
43 27
43 35
44 7
44 12
44 16
45 9
46 36
47 4
47 5
47 23
48 5
48 6
48 9
48 10
48 11
48 13
48 21
48 31
49 21
50 4
51 7
52 1
52 9
52 25
52 31
52 35
53 5
54 5
55 23
56 5
57 29
58 12
58 16
59 23
60 2
61 2
61 7
62 9
63 7
63 28
64 7
64 23
65 6
65 18
65 23
66 21
67 25
68 2
68 5
69 6
69 25
70 2
70 7
70 9
70 29
71 7
72 10
72 12
72 16
73 5
74 4
75 2
75 23
76 18
77 4
78 4
79 4
80 29
81 1
81 27
82 1
82 12
82 16
83 5
83 12
83 16
84 7
84 20
85 15
85 19
86 7
86 18
87 7
87 21
87 29
87 31
88 7
88 8
88 14
89 1
90 25
91 0
91 10
91 12
91 16
92 7
92 18
93 4
94 1
95 6
96 7
96 8
96 23
96 25
97 31
98 5
98 7
99 4
99 18
100 2
101 19
101 30
102 7
103 29
104 13
105 18
105 19
105 23
106 7
107 5
107 8
107 18
107 28
108 1
109 5
110 4
110 15
111 18
111 23
112 5
112 7
113 21
114 23
115 2
116 7
116 18
117 7
118 18
118 29
119 22
120 7
121 4
122 24
123 23
124 23
125 19
125 25
125 31
126 1
126 20
127 23
128 2
129 2
129 22
130 14
131 5
132 22
133 22
134 7
134 15
134 23
135 25
136 15
137 7
137 20
138 5
138 18
138 23
139 23
140 7
140 18
141 7
141 18
142 5
143 8
143 23
144 5
145 23
146 5
147 2
148 18
148 23
