0 5
0 6
0 17
1 7
2 7
3 8
3 18
4 23
5 23
5 29
6 2
6 34
7 5
7 12
7 16
8 1
9 25
10 23
11 8
12 5
12 18
12 24
12 29
12 31
13 2
13 27
14 6
15 1
15 9
15 19
16 23
17 1
17 2
18 25
19 3
19 22
20 24
21 23
22 8
23 8
24 4
24 7
25 6
25 10
25 18
25 23
25 29
26 21
26 23
27 7
28 4
28 21
29 8
30 1
31 7
31 9
32 23
33 7
33 18
34 28
35 5
36 0
36 8
36 25
36 32
37 23
38 20
38 27
38 31
39 2
39 30
39 31
40 18
41 4
42 10
43 5
44 18
45 11
46 7
47 10
48 1
49 17
50 18
50 29
51 15
52 3
52 5
53 1
53 6
53 15
54 5
55 7
55 18
56 36
57 8
58 5
58 6
58 9
58 10
58 11
58 13
58 21
58 31
59 1
59 5
59 25
60 7
60 29
61 6
62 7
62 9
63 1
63 9
63 25
63 31
63 35
64 7
65 8
66 5
66 21
67 10
68 2
69 27
70 5
70 29
71 24
72 1
73 3
73 10
73 14
73 19
74 5
75 7
75 15
75 22
75 23
75 25
76 28
77 1
78 10
79 5
79 23
80 4
81 18
82 26
83 3
83 4
83 12
83 16
84 6
85 17
85 31
86 7
86 23
87 7
88 21
89 1
90 6
90 15
90 21
91 1
91 25
92 7
92 10
92 18
92 23
93 23
94 7
95 6
96 6
96 7
97 12
97 13
97 16
98 5
98 20
98 27
99 4
100 29
101 4
102 7
103 7
103 9
103 26
104 7
104 18
105 4
106 18
106 23
107 12
107 16
108 7
108 12
108 16
109 23
110 11
111 7
111 18
112 15
113 6
114 7
114 21
114 29
114 31
115 12
115 16
116 1
117 9
117 31
118 7
118 18
119 5
119 21
120 2
120 5
121 32
122 4
122 7
122 18
123 7
124 25
125 7
126 18
127 23
128 7
128 18
128 25
129 5
130 0
130 3
130 4
130 10
130 12
130 16
131 12
131 16
132 24
132 29
133 19
134 0
134 2
134 7
134 18
135 1
135 5
135 24
135 29
136 7
137 7
138 7
139 25
140 4
141 12
141 16
142 7
143 7
144 17
145 28
146 21
146 29
147 10
147 15
148 10
148 15
149 21
150 8
151 5
152 32
153 4
154 15
154 27
154 31
155 17
156 17
157 2
158 5
158 7
158 18
159 7
159 18
160 9
161 2
161 5
162 2
163 4
163 31
164 4
165 4
165 7
165 23
166 7
166 18
167 4
168 7
169 7
170 23
171 0
171 8
172 7
172 8
172 25
172 27
172 28
172 32
173 2
173 22
174 23
175 2
176 6
177 25
178 2
179 17
180 15
180 22
181 5
182 7
183 23
184 4
184 32
185 4
186 7
187 2
188 8
189 18
189 29
190 23
190 29
191 18
192 5
193 7
