0 5
0 6
0 17
1 28
2 0
2 5
3 6
3 25
4 5
4 12
4 16
5 25
6 1
7 4
8 2
9 3
9 22
10 8
11 21
11 22
12 4
12 23
13 8
14 7
15 4
15 21
16 8
17 9
18 5
19 2
20 23
21 4
22 0
22 8
22 25
22 32
23 18
24 9
25 25
26 4
26 22
26 23
27 4
28 23
29 4
30 17
31 5
32 10
32 15
32 18
33 22
34 18
35 10
36 5
36 6
36 9
36 10
36 11
36 13
36 21
36 31
37 2
37 10
38 12
38 16
39 28
40 12
40 16
41 3
41 7
42 23
43 7
44 4
45 5
46 2
47 5
47 19
47 27
48 1
48 4
48 6
49 3
49 10
49 14
49 19
50 0
51 1
52 1
53 7
53 15
53 22
53 23
53 25
54 22
55 10
56 23
57 22
58 23
59 23
60 17
60 23
61 7
62 4
62 12
62 16
63 23
64 7
64 13
64 18
65 4
65 26
66 1
66 10
67 4
68 4
69 0
69 21
70 4
71 1
72 9
72 19
73 6
74 1
75 5
76 1
76 27
77 7
78 1
78 6
78 19
79 4
80 4
80 14
80 19
80 25
81 0
81 1
81 12
81 16
82 18
83 3
84 15
84 18
85 1
86 5
86 8
86 10
87 7
87 8
87 14
88 9
88 31
89 9
90 7
91 7
91 18
92 12
92 16
93 36
94 2
94 25
95 7
95 18
96 13
97 38
98 23
99 35
100 2
101 2
101 4
101 7
101 12
101 16
102 19
103 7
104 3
105 25
106 4
107 6
108 20
109 4
110 13
111 3
111 7
111 9
111 18
111 27
112 4
113 37
114 17
114 21
115 17
116 20
117 12
118 7
119 9
120 7
120 14
121 7
122 13
123 3
123 18
124 4
125 4
126 7
126 18
127 22
128 24
129 23
130 5
130 10
130 25
130 27
130 28
131 13
132 32
133 4
133 6
133 31
134 3
134 4
134 9
135 7
135 17
136 9
137 5
138 7
139 15
140 4
141 1
142 8
142 22
143 22
144 19
145 3
146 4
