0 8
1 7
2 5
2 6
2 17
3 7
3 18
4 13
5 4
6 0
6 3
7 10
8 6
9 1
9 31
10 26
11 5
11 7
12 1
12 9
12 19
13 19
14 1
14 2
15 12
15 16
16 3
16 22
17 7
18 7
18 23
19 18
20 4
20 12
20 16
20 36
21 23
22 0
22 9
22 14
22 17
22 18
22 29
23 28
24 7
25 10
25 31
26 8
27 7
28 7
28 9
29 17
29 23
30 12
30 16
31 25
32 10
33 7
33 24
34 17
35 18
35 24
36 5
37 5
37 13
37 30
37 31
37 35
38 0
38 5
38 7
38 10
38 15
39 23
40 5
41 4
42 0
42 8
42 25
42 32
43 18
44 4
45 13
45 21
46 12
46 16
46 23
47 4
48 5
49 2
50 1
51 2
52 12
53 4
54 5
54 12
54 16
55 5
56 7
57 23
58 4
58 7
59 0
60 5
60 6
60 9
60 10
60 11
60 13
60 21
60 31
61 1
62 35
63 15
64 4
65 3
65 7
66 5
66 15
67 36
68 19
68 25
69 9
70 34
71 7
71 18
71 23
72 18
73 3
73 10
73 14
73 19
74 2
75 10
76 25
77 7
78 18
78 19
78 21
79 7
79 22
79 29
80 28
81 2
81 6
81 12
81 13
81 16
81 33
82 7
83 7
83 23
84 6
84 18
84 23
85 2
86 10
87 4
87 18
87 30
88 7
89 18
89 28
90 30
90 31
91 4
92 23
93 19
94 7
94 29
95 2
96 1
96 10
97 29
98 1
98 27
99 4
100 7
100 18
100 28
101 5
102 5
103 7
104 4
105 4
105 10
106 7
106 18
107 18
107 23
108 27
109 23
110 1
110 10
110 24
111 1
112 7
112 18
113 15
114 1
115 7
115 18
116 7
117 1
118 18
119 4
119 7
119 18
120 36
121 20
122 2
123 25
124 5
124 6
125 4
126 7
127 7
128 33
129 2
129 7
130 10
131 35
132 7
133 9
133 22
134 7
135 1
135 10
136 8
136 17
137 18
138 7
139 7
140 2
140 12
140 16
141 7
142 13
143 28
144 8
145 2
146 8
147 0
147 1
147 27
148 28
149 5
150 5
150 17
151 5
151 23
152 23
153 6
153 31
154 4
155 5
156 7
157 17
158 17
159 2
160 4
161 7
162 24
163 7
163 18
164 2
165 2
166 2
166 22
167 13
168 10
169 21
170 22
171 5
172 4
173 8
174 9
175 22
175 23
176 9
177 19
178 7
178 18
179 25
180 19
181 1
181 31
182 35
183 23
184 7
185 10
186 4
187 19
188 4
