0 5
0 6
0 17
1 12
1 16
2 18
3 23
3 29
4 7
5 19
6 7
7 0
7 4
7 6
7 7
7 21
7 23
7 29
8 20
9 12
9 16
10 23
11 26
12 5
12 7
13 1
13 2
14 18
15 7
15 18
16 18
16 23
17 0
17 9
17 14
17 17
17 18
17 29
18 31
19 7
20 5
21 8
22 1
22 2
23 5
24 18
25 7
25 9
26 18
27 7
27 18
28 31
29 18
29 23
30 1
30 7
30 9
31 29
32 0
32 8
32 25
32 32
33 7
34 20
34 27
34 31
35 13
35 29
36 3
36 4
37 22
37 23
37 29
38 12
38 16
38 23
39 4
40 1
41 28
42 1
42 20
42 31
43 12
44 10
44 13
45 1
45 2
45 5
45 10
45 31
46 17
47 5
48 29
49 2
50 5
51 1
51 6
51 15
52 7
53 18
54 5
54 6
54 9
54 10
54 11
54 13
54 21
54 31
55 5
56 15
57 7
58 15
59 7
59 15
60 3
60 7
61 7
62 18
63 1
64 2
65 7
65 18
66 24
67 12
67 16
68 5
69 4
69 7
70 7
71 0
72 4
72 18
72 23
72 24
73 1
74 7
75 18
76 29
77 17
78 10
78 15
78 18
79 23
79 29
80 7
81 4
81 7
81 9
81 10
81 13
81 18
82 1
83 3
83 4
83 12
83 16
84 2
84 28
85 7
85 23
86 10
87 12
87 16
88 7
88 13
88 18
89 15
90 1
91 6
91 15
91 21
92 10
92 12
92 16
93 21
93 25
93 31
94 18
94 23
95 24
96 23
97 6
98 8
98 18
98 23
99 4
100 6
100 7
101 2
102 7
103 9
103 19
104 23
105 1
105 27
106 4
107 1
107 6
107 19
108 7
109 18
110 15
110 19
111 4
111 7
112 5
112 6
112 30
112 33
113 0
113 6
114 7
114 18
115 9
116 7
116 18
117 4
118 31
119 18
120 7
120 18
121 8
122 5
123 3
123 18
124 11
124 28
125 33
126 7
126 18
126 25
127 7
127 18
128 7
128 18
129 7
130 8
131 4
132 5
133 15
134 35
135 26
136 25
137 7
138 18
139 5
140 7
141 2
142 4
143 29
144 4
145 5
146 2
147 0
148 9
149 2
150 12
150 16
151 15
151 18
152 5
152 23
153 4
153 5
154 22
154 24
154 29
155 17
156 5
157 9
158 20
159 17
160 7
161 4
162 19
163 21
163 29
164 4
165 20
166 13
167 17
167 21
168 2
169 15
170 4
171 18
172 13
173 18
173 29
174 7
174 20
175 7
175 18
176 6
176 13
177 7
177 19
177 21
177 22
