0 1
1 1
2 6
3 1
4 1
5 1
6 1
7 1
8 1
9 1
10 2
11 1
12 1
13 1
14 4
15 6
16 1
17 1
18 1
19 1
20 1
21 1
22 1
23 1
24 1
25 6
26 6
27 1
28 5
29 5
30 1
31 1
32 6
33 6
34 6
35 1
36 3
37 1
38 1
39 1
40 1
41 1
42 1
43 5
44 1
45 1
46 1
47 1
48 1
49 1
50 1
51 1
52 1
53 4
54 1
55 1
56 6
57 6
58 1
59 1
60 1
61 1
62 1
63 1
64 1
65 3
66 6
67 6
68 1
69 3
70 3
71 6
72 6
73 6
74 6
75 5
76 3
77 3
78 1
79 6
80 6
81 6
82 6
83 6
84 6
85 1
86 2
87 1
88 1
89 6
90 1
91 1
92 1
93 1
94 1
95 2
96 1
97 1
98 1
99 1
100 1
101 1
102 1
103 1
104 1
105 4
106 6
107 1
108 6
109 6
110 1
