0 32
1 21
2 5
2 6
2 9
2 10
2 11
2 13
2 21
2 31
3 8
4 18
5 2
6 1
7 1
7 9
8 1
9 1
9 30
10 17
11 7
11 8
11 14
12 2
12 7
13 1
14 30
15 10
16 5
16 18
16 24
16 29
16 31
17 5
17 29
18 7
19 17
20 4
20 18
20 23
20 24
21 4
22 9
23 7
24 19
25 0
25 9
25 14
25 17
25 18
25 29
26 5
27 23
27 29
28 5
29 4
29 7
29 9
29 10
29 13
29 18
30 2
30 4
31 4
32 7
32 31
33 12
33 16
34 10
35 19
36 3
36 23
37 7
38 2
38 7
39 2
39 7
40 18
41 3
41 18
42 15
43 1
43 9
44 4
45 7
45 10
45 18
45 23
46 8
47 7
48 8
49 5
50 7
50 18
51 4
51 5
51 23
