0 18
0 24
0 29
1 5
1 6
1 17
2 7
3 25
4 0
4 5
5 4
5 18
5 19
6 15
6 31
7 23
8 6
8 25
9 2
9 34
10 4
11 18
12 7
13 29
14 10
15 4
16 3
16 22
17 7
18 4
18 7
19 6
20 8
21 7
22 29
23 5
24 10
25 4
26 12
26 16
27 8
28 18
29 7
29 10
30 4
31 13
32 25
33 2
33 30
33 31
34 5
35 5
36 6
37 28
38 7
39 7
39 9
39 31
40 6
41 17
42 20
43 5
44 10
44 15
44 18
45 35
46 36
47 4
48 4
49 12
49 16
50 1
50 9
50 25
50 31
50 35
51 1
51 20
51 31
52 28
53 2
54 24
55 4
55 10
56 13
57 12
57 13
57 27
57 31
58 17
58 34
59 2
60 18
60 23
60 26
61 15
61 22
61 23
62 7
62 18
62 28
63 18
64 10
64 19
65 2
66 12
66 16
67 2
67 7
67 10
68 7
68 23
69 18
70 9
71 4
71 15
72 18
73 6
73 25
74 15
75 7
76 7
77 15
77 23
78 23
79 10
79 15
80 28
81 29
82 1
82 27
83 4
84 4
85 22
86 25
87 7
87 8
87 14
88 4
89 7
89 18
90 2
90 14
91 7
91 23
91 24
92 7
93 30
93 31
94 3
94 25
95 21
96 2
97 4
97 18
98 19
99 23
100 13
101 7
102 4
103 1
104 27
105 18
106 28
107 2
107 5
107 6
107 12
107 16
108 9
109 21
110 5
111 18
112 23
112 29
113 20
114 13
115 6
115 24
116 19
117 5
117 7
117 18
118 25
119 20
120 17
121 20
122 1
123 8
124 7
125 1
125 6
126 7
127 5
127 10
128 29
129 4
130 18
130 23
131 5
132 4
133 21
134 4
135 23
136 6
137 30
138 4
139 8
140 24
141 23
142 19
142 35
