0 5
0 6
0 9
0 10
0 11
0 13
0 21
0 31
1 6
1 24
2 7
3 5
4 8
4 18
5 23
5 29
6 7
6 17
7 27
8 31
9 15
9 29
10 17
11 4
12 12
12 16
13 2
13 7
14 4
14 18
14 23
14 24
15 7
15 9
15 18
15 22
16 18
16 24
17 7
18 7
18 34
19 4
19 7
19 18
20 25
21 0
21 11
22 19
23 0
23 9
23 14
23 17
23 18
23 29
24 6
24 21
25 32
26 25
27 15
28 7
28 9
29 28
30 17
30 23
31 12
31 16
32 8
33 7
33 24
34 7
34 32
35 23
35 24
36 7
36 18
37 18
38 7
39 2
40 7
40 18
41 7
42 8
43 17
44 2
44 7
45 2
45 20
46 23
46 29
47 2
48 7
49 4
50 6
51 23
52 30
52 31
53 3
54 19
55 12
55 16
56 17
56 29
57 28
58 7
59 17
59 29
60 4
61 2
62 13
63 6
63 8
63 10
63 13
64 8
65 25
66 4
67 22
68 8
69 7
70 4
70 15
71 20
72 2
73 5
