0 8
1 8
2 5
2 6
2 17
3 4
3 7
4 1
5 4
5 18
5 19
6 23
7 4
8 18
9 31
10 1
11 8
12 9
13 1
13 31
14 30
15 2
16 5
16 7
16 10
16 12
16 16
16 30
17 0
18 5
18 8
19 7
19 18
20 18
21 25
22 5
22 17
22 31
23 0
23 9
23 14
23 17
23 18
23 29
24 9
25 25
26 5
27 7
27 9
28 26
29 11
30 2
30 22
31 7
31 18
32 28
33 12
33 16
34 17
35 1
36 4
36 12
36 16
37 29
38 35
39 8
40 10
41 4
42 9
43 7
44 23
45 2
45 7
46 23
46 29
47 28
48 22
49 8
50 23
51 26
52 7
53 9
54 4
55 13
56 7
57 22
58 4
59 4
60 7
60 18
61 3
61 5
62 29
63 22
64 25
65 29
66 18
66 23
67 1
67 27
68 24
69 29
70 36
71 7
72 7
72 18
