0 1
1 1
2 0
3 1
4 1
5 0
6 0
7 0
8 1
9 0
10 1
11 0
12 0
13 0
14 0
15 6
16 3
17 6
18 3
19 3
20 1
21 0
22 0
23 0
24 1
25 1
26 1
27 3
28 1
29 1
30 1
31 1
32 1
33 0
34 1
35 2
36 0
37 0
38 0
39 6
40 1
41 4
42 3
43 3
44 3
45 3
46 3
47 3
48 3
49 3
50 1
51 3
52 3
53 1
54 2
55 4
56 4
57 0
58 6
59 6
60 6
61 6
62 6
63 0
64 0
65 0
66 0
67 0
68 0
69 0
70 0
71 0
72 0
73 0
74 0
75 2
76 6
77 2
78 2
79 4
80 6
81 6
82 2
83 2
84 2
85 2
86 4
87 6
88 6
89 6
90 2
91 3
92 3
93 3
94 6
95 3
96 1
97 1
98 1
99 6
100 1
101 0
