0 10
0 12
0 16
0 25
1 5
1 6
1 9
1 10
1 11
1 13
1 21
1 31
2 5
3 6
3 13
3 15
3 22
3 24
4 7
5 12
5 16
6 4
7 1
7 5
7 25
8 6
9 22
10 18
10 29
11 1
11 9
11 25
11 31
11 35
12 7
13 4
14 25
15 20
16 7
17 36
18 4
19 15
20 23
21 4
22 4
22 12
22 16
23 4
23 18
23 23
23 24
24 3
24 10
24 14
24 19
25 6
26 1
27 28
28 21
28 22
29 22
30 8
31 5
32 0
33 7
33 10
34 7
35 26
36 23
37 23
38 2
38 22
39 12
39 16
40 5
41 7
41 9
42 12
42 16
43 5
43 8
44 31
45 6
46 7
47 4
48 8
48 28
49 4
50 30
50 31
51 6
52 5
52 10
52 11
53 7
53 10
54 23
55 3
56 5
57 8
58 21
58 29
59 5
60 4
60 12
60 16
60 26
61 5
62 1
63 5
64 2
65 5
65 35
66 8
66 22
67 34
68 5
69 0
69 5
69 26
69 37
70 10
70 15
70 18
71 7
71 20
72 5
