0 5
0 6
0 17
1 33
2 5
2 21
2 23
3 18
4 15
4 31
5 0
5 3
6 20
7 29
8 1
8 2
9 18
10 30
11 7
11 29
12 21
12 22
13 7
14 7
14 23
15 26
16 8
17 7
17 21
18 4
18 12
18 13
18 16
18 17
19 26
20 0
20 8
20 25
20 32
21 18
22 5
22 8
22 9
22 18
22 28
23 5
24 1
25 7
25 18
26 4
27 10
28 10
29 28
30 12
30 16
31 1
31 2
31 5
31 10
31 31
32 17
33 18
33 23
34 18
35 8
35 10
35 35
36 25
37 5
37 29
38 24
39 0
40 1
41 10
42 4
42 22
42 23
43 23
44 23
45 6
46 10
47 10
47 20
48 1
48 10
49 30
49 31
50 10
51 7
51 10
51 18
51 23
52 18
53 6
54 23
55 12
55 16
56 4
57 7
57 9
57 18
57 22
57 23
58 2
59 7
59 18
60 12
60 16
61 5
62 1
62 18
63 23
64 2
65 5
66 7
66 18
67 1
68 11
69 3
69 18
70 20
71 31
72 4
73 18
74 4
75 4
76 18
76 34
77 1
78 12
78 16
79 7
79 18
80 1
80 5
80 7
81 18
82 9
83 25
84 15
84 18
85 17
86 18
86 29
87 1
87 31
88 36
89 28
90 25
91 7
