0 23
1 18
1 24
1 29
2 5
2 6
2 17
3 18
4 2
4 34
5 18
5 23
6 2
6 7
7 5
7 12
7 16
8 10
9 7
10 12
10 16
11 12
11 16
12 1
12 31
13 3
13 22
14 3
14 26
15 2
15 5
16 17
16 28
17 6
17 28
17 31
18 21
18 23
19 8
20 23
21 12
21 16
22 17
23 7
23 18
24 7
24 24
25 4
26 12
26 16
26 23
27 4
27 22
27 23
28 4
29 7
29 34
30 5
31 5
32 7
32 18
33 17
34 4
35 5
36 7
37 17
38 7
38 18
39 7
40 5
40 6
40 9
40 10
40 11
40 13
40 21
40 31
41 36
42 3
42 7
43 23
44 1
44 9
44 25
44 31
44 35
45 18
46 19
46 25
47 2
48 4
49 15
50 5
51 7
51 25
52 4
52 18
52 23
52 24
53 4
53 7
53 10
54 17
55 15
56 18
57 15
57 31
58 10
59 1
60 4
60 22
60 23
61 17
62 12
62 15
62 16
62 21
63 3
63 4
63 12
63 16
64 0
65 4
65 5
65 6
65 23
66 7
66 23
67 25
68 4
68 7
68 23
69 15
69 35
70 7
71 7
72 23
72 29
73 9
74 4
75 12
75 16
76 6
77 4
78 18
79 12
79 16
80 5
80 20
80 27
81 21
82 3
83 6
83 13
84 20
85 7
86 4
86 6
86 27
87 28
88 5
89 4
90 12
90 16
91 1
92 7
92 13
93 15
94 1
95 18
96 9
97 9
97 18
98 7
99 12
99 16
100 18
101 1
101 7
102 7
102 32
103 25
104 3
104 25
105 1
106 7
107 1
107 9
108 36
109 2
109 28
110 18
110 23
111 21
112 7
112 20
113 18
114 29
115 18
116 23
117 5
118 4
118 5
119 2
120 7
121 13
122 36
123 36
124 19
124 22
125 7
126 9
127 10
128 21
129 7
129 18
130 5
131 7
131 8
131 25
131 27
131 28
131 32
132 7
132 23
133 17
134 12
134 16
134 37
135 4
136 13
137 22
138 7
139 4
140 15
141 2
142 19
143 5
143 12
143 14
143 16
144 23
145 9
146 7
146 14
146 29
147 4
