0 5
0 6
0 17
1 0
1 5
2 5
2 12
2 16
3 18
4 18
5 7
6 0
6 9
6 14
6 17
6 18
6 29
7 26
8 1
9 8
10 1
10 5
10 10
10 11
10 12
10 13
10 14
10 15
10 16
10 17
11 20
12 5
13 34
14 23
15 5
16 18
17 5
17 8
18 1
19 5
20 7
20 23
20 29
21 7
21 9
21 18
22 3
23 3
23 14
24 7
24 18
25 15
26 5
27 7
27 18
28 22
29 9
30 7
31 0
32 7
33 4
33 5
33 23
34 1
35 2
35 4
36 15
37 7
38 13
38 20
39 21
40 1
41 18
42 18
43 25
44 29
45 1
46 1
47 23
48 5
48 10
48 11
49 30
49 31
50 31
51 7
52 29
53 23
54 4
55 4
56 7
56 18
56 28
57 18
58 1
59 10
60 4
60 7
61 4
61 7
61 18
62 5
63 18
64 7
64 18
65 12
65 16
66 5
67 10
68 1
68 5
68 24
68 29
69 3
69 25
70 20
71 18
72 28
73 4
74 4
75 0
75 5
75 26
75 37
76 5
77 7
77 18
77 23
77 29
78 25
79 4
80 9
81 7
81 23
82 1
82 9
83 2
84 7
84 9
84 15
84 18
84 28
85 20
86 17
87 7
88 2
89 18
90 21
90 29
91 7
92 4
93 22
94 0
94 8
95 7
95 8
95 25
95 27
95 28
95 32
96 1
97 4
98 23
99 3
100 30
101 18
102 4
103 5
103 21
104 7
105 8
105 22
