0 7
1 0
1 2
2 18
3 7
4 12
4 16
5 30
6 2
7 6
7 15
8 7
8 9
8 18
8 22
9 1
9 2
10 3
10 22
11 7
12 34
13 4
13 12
13 16
13 36
14 0
14 9
14 14
14 17
14 18
14 29
15 7
15 23
16 13
17 1
17 2
18 12
18 16
19 10
19 18
20 1
21 4
21 22
21 23
22 4
23 6
24 4
25 2
26 2
27 5
28 1
29 17
30 9
30 23
30 25
31 13
32 4
33 2
33 12
33 16
34 7
34 18
35 7
35 15
35 18
35 29
36 5
36 6
36 9
36 10
36 11
36 13
36 21
36 31
37 4
38 4
39 7
40 12
40 14
40 15
40 16
40 32
41 19
41 25
42 24
43 4
43 18
43 23
43 24
44 10
45 7
45 18
45 28
46 23
47 6
48 19
49 8
50 7
50 23
51 15
51 23
52 5
52 10
53 2
54 5
54 35
55 6
55 12
55 16
55 35
56 7
56 18
57 22
58 7
59 23
60 7
61 23
62 1
63 3
63 25
64 1
65 20
66 18
67 31
68 23
69 21
70 7
71 35
72 2
73 23
73 34
74 18
75 3
75 18
76 5
77 2
78 10
79 21
80 18
80 19
80 23
81 4
82 7
83 2
84 5
84 23
85 4
86 14
87 8
88 4
89 7
90 1
91 4
92 20
93 3
94 29
95 8
95 10
96 18
97 2
97 22
98 2
99 2
100 5
101 20
102 18
102 23
103 29
