0 1
1 1
2 1
3 1
4 1
5 1
6 2
7 2
8 2
9 2
10 2
11 1
12 2
13 1
14 1
15 1
16 4
17 1
18 2
19 2
20 1
21 1
22 1
23 1
24 1
25 1
26 1
27 1
28 1
29 1
30 2
31 5
32 1
33 1
34 1
35 4
36 4
37 1
38 1
39 1
40 2
41 4
42 1
43 1
44 1
45 1
46 1
47 1
48 1
49 1
50 1
51 1
52 1
53 1
54 2
55 1
56 5
57 4
58 4
59 4
60 4
61 1
62 1
63 1
64 1
65 1
66 1
67 6
68 1
69 1
70 1
71 1
72 6
73 1
74 1
75 1
76 2
77 1
78 1
79 5
80 1
81 1
82 1
83 4
84 4
85 1
86 4
87 1
88 1
89 2
90 1
91 1
92 1
93 1
94 2
95 1
96 1
97 5
98 4
99 4
100 1
101 1
102 1
103 6
104 6
105 1
