0 12
0 16
1 7
2 12
2 16
3 2
3 19
3 31
4 12
4 16
5 8
6 6
7 3
7 7
8 9
9 25
10 2
10 7
10 18
10 31
11 2
12 0
12 10
12 12
12 16
13 27
14 23
15 2
16 19
17 15
18 1
18 9
18 19
19 2
19 14
20 3
20 10
20 14
20 19
21 7
21 25
22 17
23 26
24 4
24 12
24 16
25 7
26 4
26 7
26 18
27 21
27 22
28 12
28 13
28 25
29 23
30 26
31 4
32 5
33 35
34 2
35 19
35 34
36 7
36 8
37 8
37 12
37 16
37 36
38 19
38 31
39 21
40 6
41 6
41 10
41 18
41 23
42 1
42 5
42 9
43 9
44 7
45 9
46 1
47 26
48 15
48 23
49 2
50 7
50 23
51 5
51 10
51 12
51 13
51 16
51 17
51 25
51 27
52 5
53 23
54 2
55 1
55 2
56 5
57 9
57 23
57 25
58 1
58 10
59 4
60 6
60 24
60 33
61 25
62 5
63 7
64 7
65 18
66 23
