0 5
0 6
0 17
1 33
2 13
3 23
4 18
5 22
6 4
7 7
8 1
8 9
8 19
9 25
10 7
11 7
11 23
12 7
13 10
13 31
14 28
15 20
16 18
16 23
17 1
17 8
18 7
18 9
18 18
19 7
19 18
20 5
21 4
21 13
22 19
23 2
23 5
23 7
23 21
23 23
23 24
23 37
24 2
24 12
24 16
25 15
26 7
27 15
27 31
28 4
28 5
28 23
29 7
29 15
30 1
30 9
30 25
30 31
30 35
31 28
32 23
33 1
34 7
35 18
36 23
37 23
38 1
38 23
39 7
40 2
41 1
41 4
41 6
41 9
41 10
41 19
41 31
42 7
43 23
44 31
45 22
46 6
46 8
46 10
46 13
47 29
48 7
49 12
49 16
49 18
49 23
50 4
50 10
51 23
52 3
52 7
53 7
53 8
53 14
54 4
55 31
56 1
57 23
58 15
59 7
60 4
60 13
60 31
60 34
61 6
61 21
62 18
62 23
63 24
64 5
64 7
65 35
66 7
67 3
67 25
68 1
68 31
69 7
70 23
71 20
72 18
72 23
73 25
74 7
75 19
76 5
76 15
77 7
78 1
78 30
79 17
80 7
81 7
81 18
82 10
82 12
82 16
83 23
84 7
84 23
85 4
85 5
85 23
86 1
86 7
87 23
88 7
89 23
90 18
91 12
91 16
92 3
93 35
94 5
95 23
