0 5
0 6
0 17
1 7
2 33
3 8
4 12
4 16
5 31
6 7
7 6
8 6
9 5
9 7
10 1
10 9
10 19
11 23
12 18
13 31
14 4
15 7
16 0
16 9
16 14
16 17
16 18
16 29
17 17
17 28
18 7
18 18
18 31
19 1
20 7
21 5
22 7
22 9
23 23
24 4
25 0
25 8
25 25
25 32
26 18
27 2
27 7
28 4
29 5
30 7
31 6
32 15
33 1
34 12
34 16
35 17
36 7
37 7
38 2
38 5
38 18
39 31
40 5
41 23
42 7
43 36
44 12
44 16
45 3
45 7
46 1
47 8
48 7
49 7
49 34
50 25
51 18
52 30
53 18
54 10
54 15
54 18
55 12
55 15
55 16
55 21
56 7
56 18
56 28
57 1
57 10
58 29
59 7
60 18
61 1
61 13
61 25
62 17
63 3
64 6
64 21
65 10
65 15
66 5
66 35
67 5
68 3
69 7
69 15
70 7
70 18
71 2
72 5
73 10
73 12
73 16
73 25
74 7
75 2
76 27
76 28
77 3
77 5
77 30
77 31
78 1
79 1
80 25
81 4
81 12
81 16
82 27
83 17
83 35
84 8
85 31
86 10
87 23
88 7
88 18
89 25
90 1
91 5
92 2
92 7
93 7
93 18
94 0
94 2
94 7
94 18
95 35
96 1
96 5
96 24
96 29
97 12
98 11
99 1
100 34
101 6
102 7
102 8
102 18
103 7
104 4
104 7
104 10
105 7
106 12
106 16
106 32
107 5
108 4
108 5
108 18
109 22
109 23
109 24
109 29
110 28
111 23
112 5
113 37
114 2
114 7
114 10
114 24
115 31
116 7
116 18
117 17
118 36
119 8
120 4
121 13
122 22
123 20
124 6
125 5
126 31
127 5
127 10
127 25
127 27
127 28
128 23
129 6
130 9
131 4
132 23
133 30
134 7
135 18
136 29
137 6
138 6
139 7
140 7
141 5
142 4
142 20
