0 1
1 7
2 28
3 21
4 7
5 18
6 32
7 15
7 31
8 17
8 25
9 9
10 7
11 5
11 7
12 23
13 3
13 22
14 8
15 21
15 22
16 34
17 4
17 7
18 19
18 31
19 29
20 8
21 4
22 9
23 10
24 12
24 16
25 0
25 8
25 25
25 32
26 5
26 13
26 30
26 31
26 35
27 13
28 7
29 1
30 2
30 7
31 7
31 15
31 18
32 1
32 9
33 5
34 2
35 12
35 16
36 7
36 29
37 7
38 17
39 3
39 5
40 22
41 20
42 12
42 16
43 3
43 7
44 7
45 24
46 9
47 1
48 25
49 1
50 25
51 23
51 29
52 31
53 31
54 7
54 23
55 6
55 18
55 23
56 28
57 8
57 18
58 23
59 20
60 6
61 8
62 7
63 1
63 2
63 9
64 25
65 35
66 27
67 25
68 2
68 9
69 29
70 7
70 13
71 23
72 0
72 10
72 12
72 16
73 19
74 7
74 23
74 24
75 18
76 5
77 18
78 5
79 36
80 7
81 9
81 10
82 7
82 9
83 2
83 7
83 9
83 18
83 29
84 0
84 2
84 7
84 18
85 35
86 11
87 5
88 1
89 7
90 7
91 5
92 31
93 2
94 4
94 21
94 25
95 23
96 31
97 6
97 10
97 12
97 14
97 16
97 32
98 5
99 3
99 18
100 15
100 29
101 12
102 7
103 4
103 7
103 23
104 18
105 6
106 5
107 6
108 7
108 35
109 7
110 2
111 5
111 6
111 13
112 25
113 6
114 4
115 23
116 25
117 23
118 2
119 8
119 22
120 1
120 3
120 9
121 11
121 27
122 7
