0 4
0 18
0 21
1 8
2 23
3 15
3 31
4 10
5 10
5 18
5 23
6 7
7 30
8 1
8 9
8 19
9 4
9 8
9 18
10 1
10 2
11 7
12 8
13 8
14 26
15 7
16 2
16 4
17 10
18 4
19 18
20 18
21 5
22 1
22 8
23 1
24 2
24 30
24 31
25 4
25 22
25 23
26 10
27 18
28 2
29 1
30 17
31 3
31 5
32 18
32 23
33 5
34 2
34 4
35 4
35 7
36 4
37 19
38 17
39 7
39 25
40 5
40 19
40 27
41 1
42 15
43 17
44 7
44 15
44 22
44 23
44 25
45 28
46 17
47 3
47 4
47 12
47 16
48 1
49 1
49 10
50 33
51 4
52 4
53 9
54 1
55 29
56 19
56 27
56 31
57 3
58 1
59 23
59 29
60 8
60 17
61 7
61 23
61 24
62 5
63 7
64 23
64 24
65 8
66 4
66 18
67 10
68 20
69 23
70 5
71 8
72 2
73 7
73 29
74 6
75 2
76 31
77 7
77 18
78 7
79 36
80 1
81 3
82 6
83 2
83 8
84 12
84 16
84 22
85 4
85 5
85 23
86 1
87 6
87 15
87 23
87 32
88 2
88 24
89 1
89 5
90 5
91 4
92 22
93 8
93 23
94 4
