0 23
1 7
2 23
2 24
3 15
3 31
4 5
4 12
4 16
5 7
6 22
7 5
7 7
8 3
8 22
9 2
10 7
11 32
12 23
13 4
13 12
13 16
14 7
14 21
15 0
15 8
15 25
15 32
16 5
17 2
17 7
18 1
19 6
19 18
20 5
21 18
22 18
23 7
24 2
24 5
24 18
25 19
26 18
26 23
27 24
28 7
29 15
30 1
31 22
32 1
32 13
33 9
34 5
34 6
34 9
34 10
34 11
34 13
34 21
34 31
35 1
36 12
36 14
36 15
36 16
36 32
37 10
38 4
38 7
38 10
39 13
40 18
41 0
42 28
43 28
44 25
45 18
45 23
45 26
46 29
47 1
48 2
48 7
48 10
49 8
49 23
50 31
51 1
52 9
53 18
54 2
54 4
54 5
54 10
54 31
54 35
55 1
55 10
56 5
56 35
57 5
58 7
58 18
59 7
60 25
60 28
61 7
62 4
63 7
63 13
64 1
65 5
66 4
66 7
66 18
67 2
68 7
69 20
70 0
70 36
71 7
72 7
72 18
73 28
73 31
74 35
75 4
75 15
75 19
76 8
77 2
78 17
79 25
80 7
81 4
82 17
83 2
83 7
83 10
83 24
84 2
85 2
85 5
86 23
87 4
88 7
89 4
89 10
90 36
91 7
91 18
92 2
93 3
94 6
95 5
95 18
96 13
97 4
97 28
97 31
98 4
98 6
98 31
99 1
100 25
101 13
102 21
103 12
103 16
104 2
105 15
105 19
106 0
