0 4
0 12
0 16
1 10
2 7
3 18
4 15
5 7
6 1
7 1
8 15
8 31
9 19
9 27
9 31
10 31
11 0
11 5
12 18
13 1
13 9
13 25
13 31
13 35
14 9
15 25
16 15
17 27
18 28
19 1
19 31
20 7
21 7
21 29
22 5
22 18
22 25
23 29
24 7
25 7
26 3
26 22
27 6
28 18
29 7
29 18
29 31
30 5
31 8
32 7
32 22
32 25
33 22
34 0
34 9
34 14
34 17
34 18
34 29
35 10
36 3
37 18
38 8
39 15
39 22
39 23
40 7
40 9
41 7
41 18
41 28
42 1
43 2
44 13
45 5
46 1
46 7
47 17
47 23
48 31
49 7
50 2
50 25
50 31
51 2
52 23
53 18
54 0
54 8
54 25
54 32
55 7
55 17
56 13
57 1
57 6
57 31
58 3
58 4
59 19
60 7
61 19
62 15
63 20
64 9
65 34
66 1
67 17
68 18
69 7
69 23
70 9
71 2
72 4
73 4
73 9
73 25
73 28
74 5
75 18
76 22
77 31
78 17
79 2
79 5
