0 22
1 23
1 24
2 15
2 31
3 25
4 12
4 16
5 4
5 12
5 16
6 19
7 26
8 7
8 9
9 7
10 7
11 21
11 22
12 13
13 0
13 9
13 14
13 17
13 18
13 29
14 18
15 27
16 5
17 26
18 4
18 21
19 7
19 9
20 12
20 16
21 4
22 13
23 13
23 29
24 10
24 12
24 16
24 23
25 1
26 1
27 4
28 28
29 9
30 18
30 29
31 4
32 4
32 7
33 2
33 4
34 15
35 6
36 4
36 7
37 1
38 27
39 1
39 4
40 18
40 31
41 10
42 15
43 7
43 18
44 23
45 10
46 18
47 23
48 30
49 21
50 4
50 7
50 23
51 10
52 7
52 10
52 18
52 23
53 28
54 4
55 17
56 10
56 12
56 16
56 25
57 22
58 15
58 19
59 19
59 27
59 31
60 25
60 28
61 9
62 1
63 7
63 13
64 0
64 10
64 12
64 16
65 29
66 7
66 18
67 31
68 0
68 36
69 7
69 8
69 23
69 25
70 2
70 7
71 2
72 28
73 1
74 25
75 19
76 18
77 12
78 18
79 7
80 15
81 22
81 24
81 29
82 20
83 1
84 36
85 23
86 7
87 22
88 24
89 25
90 18
91 6
92 7
93 7
94 6
95 7
95 18
96 4
97 4
97 23
98 8
98 23
99 35
100 8
100 22
101 18
101 23
102 18
103 20
104 7
104 14
104 29
