0 2
1 17
2 4
2 18
2 19
3 15
3 31
4 28
5 5
5 18
5 24
5 29
5 31
6 4
7 5
7 7
8 1
8 9
8 19
9 1
9 2
10 3
10 22
11 11
12 5
13 7
13 9
14 5
14 8
15 13
15 29
16 0
16 1
17 2
17 7
18 25
19 23
20 5
21 7
21 18
22 5
23 17
24 5
24 24
24 28
25 18
25 23
26 5
26 7
27 15
28 5
29 5
30 2
30 4
31 1
31 9
31 25
31 31
31 35
32 7
33 25
34 17
35 5
36 10
37 5
37 29
38 24
39 12
39 16
40 21
41 31
42 35
43 7
43 18
43 28
44 2
44 6
44 12
44 13
44 16
44 33
45 7
45 23
46 2
46 25
46 31
47 10
48 1
49 7
49 23
49 29
50 0
50 21
51 23
52 4
53 6
54 6
55 4
56 12
56 16
57 1
57 2
57 9
58 12
58 16
58 18
58 23
59 18
60 7
60 12
60 16
61 1
62 1
63 18
64 7
65 5
66 4
66 7
66 18
67 0
67 10
67 22
67 25
67 30
68 4
69 9
70 32
70 37
71 7
72 4
73 18
74 18
75 29
76 21
77 2
77 7
78 25
79 1
79 30
80 17
81 15
82 7
83 7
83 18
84 2
84 22
85 7
85 23
86 10
87 4
88 12
88 16
89 1
89 5
89 9
90 23
91 1
92 12
92 16
93 4
94 1
95 5
96 23
97 1
98 9
99 23
100 18
100 29
101 10
