0 5
0 6
0 17
1 7
2 0
2 5
3 18
4 15
4 31
5 23
5 29
6 7
7 12
7 16
8 19
9 26
10 6
11 1
11 9
11 19
12 25
13 1
13 2
14 3
14 22
15 8
16 8
17 1
18 9
18 12
18 16
18 25
19 17
19 28
20 29
21 8
21 31
22 8
23 7
24 5
25 7
25 9
26 9
27 5
28 7
29 1
29 7
29 9
30 13
31 0
31 1
32 7
32 24
33 7
33 18
34 5
35 2
36 5
37 5
38 5
39 17
40 7
40 18
41 7
42 15
43 5
43 6
43 9
43 10
43 11
43 13
43 21
43 31
44 2
44 10
45 4
45 7
46 7
47 5
47 21
48 30
49 3
49 10
49 14
49 19
50 7
51 4
52 17
53 10
53 15
53 18
54 5
54 23
55 2
56 12
56 16
57 10
58 4
59 19
60 6
60 7
61 29
62 4
63 5
63 12
63 16
64 18
65 18
66 1
66 9
66 31
67 7
67 18
68 31
69 17
70 31
71 23
71 29
72 1
73 2
74 29
75 8
76 4
76 7
76 18
77 5
78 23
79 1
80 24
81 8
82 8
83 3
83 6
84 2
85 35
86 1
86 5
86 24
86 29
87 0
87 10
87 22
87 25
87 30
88 1
89 19
90 0
90 5
90 17
91 4
92 18
92 19
92 23
93 5
94 20
95 32
96 23
97 15
98 5
99 23
100 29
101 0
101 15
101 22
101 24
102 15
102 29
103 2
103 9
104 15
105 9
106 0
106 8
107 3
108 22
109 7
109 23
110 24
111 25
112 7
112 18
112 31
113 12
113 14
113 16
114 7
115 13
116 6
117 2
118 2
119 7
120 5
121 2
122 1
122 3
122 9
123 1
124 6
124 25
125 5
125 18
126 2
126 13
126 28
