0 1
1 5
2 3
3 5
4 2
5 3
6 3
7 4
8 5
9 2
10 3
11 3
12 3
13 3
14 4
15 4
16 3
17 3
18 4
19 3
20 4
21 3
22 4
23 2
24 3
25 2
26 4
27 4
28 4
29 2
30 3
31 3
32 3
33 5
34 4
35 4
36 5
37 4
38 4
39 4
40 4
41 4
42 4
43 4
44 4
45 4
46 2
47 4
48 3
49 3
50 2
51 4
52 4
53 4
54 3
55 3
56 3
57 5
58 4
59 4
60 4
61 4
62 4
63 3
64 3
65 5
66 5
67 5
68 5
69 4
70 3
71 3
72 3
73 5
74 4
75 4
76 3
77 5
78 5
79 2
80 3
81 4
82 4
83 3
84 3
85 3
86 3
87 3
88 3
89 3
90 3
91 3
92 3
93 3
94 3
95 3
96 3
97 3
98 3
99 3
100 3
101 3
102 3
103 3
104 3
105 3
106 3
107 1
108 3
109 5
110 1
111 3
112 3
