0 23
0 29
1 0
1 5
2 18
3 15
3 31
4 31
5 7
6 2
6 32
7 7
7 23
8 1
9 3
10 3
10 22
11 8
12 7
12 9
13 34
14 7
14 18
15 4
15 12
15 13
15 16
15 17
16 28
17 7
18 0
18 8
18 25
18 32
19 18
20 7
21 23
22 25
23 9
24 21
24 31
25 2
25 30
25 31
26 4
27 25
28 5
29 4
30 23
31 5
32 25
33 17
34 7
35 4
35 23
35 29
36 5
37 4
37 15
38 10
38 28
39 28
40 18
41 19
42 19
43 9
43 25
44 2
44 3
44 5
45 5
45 21
46 22
47 7
47 18
48 7
49 4
49 18
49 23
49 24
50 3
50 10
50 14
50 19
51 18
51 23
52 25
53 11
53 31
54 1
55 18
55 19
55 21
56 3
56 4
56 12
56 16
57 23
58 7
58 23
59 31
60 10
60 15
60 17
61 7
61 21
62 2
63 27
64 9
65 2
66 7
66 9
66 10
66 18
66 25
67 30
67 31
68 1
68 25
69 23
70 8
71 2
71 5
71 20
71 23
72 2
73 12
73 16
74 4
75 6
76 10
76 15
77 6
77 7
78 2
78 9
78 25
79 5
79 20
79 27
80 2
81 9
81 19
82 5
82 35
83 29
84 1
84 27
85 4
86 10
87 7
87 20
88 2
89 5
90 5
91 0
91 6
92 15
92 18
93 17
94 9
95 4
96 4
96 12
96 16
97 9
98 31
99 4
99 7
100 12
100 16
101 5
102 2
102 25
103 9
103 10
104 29
105 9
106 7
107 7
107 18
107 22
108 1
108 6
109 7
110 7
111 0
111 12
111 13
111 16
111 21
112 7
113 4
114 7
115 4
115 21
115 25
116 5
116 8
116 18
116 28
117 18
118 22
118 23
118 24
118 29
119 19
119 29
120 3
120 7
120 9
120 18
120 27
121 37
122 3
122 18
123 17
124 23
125 17
126 5
126 7
126 10
126 12
126 16
126 30
127 7
128 7
129 7
129 18
130 3
131 7
131 18
132 18
133 7
133 8
133 25
133 27
133 28
133 32
134 0
134 15
135 4
136 9
136 18
137 25
138 7
139 5
139 9
139 11
139 23
140 5
140 23
141 1
141 5
142 7
143 29
