0 4
1 4
2 4
3 4
4 5
5 2
6 6
7 6
8 4
9 6
10 6
11 6
12 4
13 1
14 6
15 4
16 6
17 6
18 6
19 6
20 4
21 4
22 4
23 4
24 4
25 4
26 4
27 4
28 4
29 6
30 5
31 4
32 4
33 6
34 5
35 6
36 4
37 4
38 4
39 6
40 6
41 6
42 5
43 6
44 4
45 6
46 6
47 6
48 6
49 5
50 6
51 4
52 4
53 4
54 4
55 4
56 6
57 6
58 6
59 6
60 6
61 6
62 6
63 1
64 6
65 6
66 6
67 6
68 6
69 6
70 4
71 2
72 6
73 4
74 6
75 4
76 4
77 4
78 6
79 6
80 6
81 6
82 4
83 4
84 6
85 4
86 6
87 6
88 4
89 4
90 6
91 4
92 4
93 6
94 4
95 4
96 3
97 4
98 6
99 6
100 6
101 6
102 6
103 6
104 6
105 4
106 6
107 6
108 4
109 1
