0 7
1 33
2 4
3 15
3 31
4 10
5 5
5 12
5 16
6 18
6 23
7 9
8 1
9 7
10 20
11 12
11 16
12 4
12 15
12 23
13 5
13 18
13 24
13 29
13 31
14 4
15 10
16 1
16 9
16 19
17 12
18 17
19 3
19 22
20 18
21 1
21 7
22 0
22 9
22 14
22 17
22 18
22 29
23 17
23 28
24 6
24 10
24 18
24 23
24 29
25 5
26 5
27 7
27 9
28 4
29 12
29 16
30 0
31 8
32 23
32 24
32 29
33 25
33 31
34 24
35 2
35 6
36 13
37 2
38 1
39 2
40 4
41 5
42 4
43 18
43 23
44 18
45 5
45 6
45 9
45 10
45 11
45 13
45 21
45 31
46 2
46 4
47 15
48 4
48 7
49 12
49 16
49 31
50 12
50 16
51 9
52 5
53 28
54 7
55 15
56 15
57 28
58 5
59 24
60 2
61 5
62 18
63 1
64 2
65 25
66 10
67 2
68 0
68 29
69 6
69 18
69 23
70 6
71 15
72 4
72 7
72 23
73 5
74 0
74 2
74 4
74 7
74 18
74 22
74 36
75 2
76 5
76 10
76 11
77 2
77 5
77 6
78 30
78 31
79 4
80 4
81 6
82 1
82 10
83 1
84 29
85 3
86 17
87 1
87 27
88 4
89 5
90 1
90 31
91 24
92 26
93 7
94 7
95 1
96 3
97 7
97 18
98 6
99 12
100 32
101 7
101 18
102 7
103 27
104 7
104 23
104 24
105 18
106 3
106 7
107 5
107 10
107 13
108 7
109 12
109 16
110 18
111 7
111 18
111 25
112 22
113 18
114 5
115 3
115 6
116 3
117 4
118 7
119 10
120 4
121 9
122 15
122 18
123 31
124 25
125 4
126 4
127 7
128 20
129 27
130 27
131 10
132 1
132 12
132 16
133 15
134 4
135 23
136 35
137 17
138 13
139 7
140 2
141 7
141 18
141 31
142 7
143 13
144 37
145 2
146 9
146 28
147 18
147 21
148 29
149 5
150 4
151 4
152 9
153 8
154 5
155 1
156 1
157 4
157 32
158 2
158 23
159 12
159 16
160 2
161 4
162 3
162 7
