0 7
0 18
1 5
1 12
1 16
2 7
3 0
3 4
3 6
3 7
3 21
3 23
3 29
4 4
5 1
5 2
6 2
6 12
6 16
6 25
6 30
6 31
7 0
7 9
7 14
7 17
7 18
7 29
8 8
9 5
10 5
11 7
11 9
12 10
13 23
14 4
14 12
14 16
15 0
15 8
15 25
15 32
16 18
17 33
18 5
19 7
20 4
21 25
22 4
23 4
24 4
25 5
26 7
27 7
27 18
28 18
29 10
29 13
30 9
31 15
32 5
33 17
33 18
34 22
35 18
36 8
37 23
38 6
39 19
39 25
40 5
40 21
41 10
42 7
43 18
44 28
45 18
46 30
47 1
47 35
48 29
49 4
49 10
50 4
50 7
50 9
50 10
50 13
50 18
51 17
52 7
53 30
53 31
54 23
55 7
55 10
55 18
55 23
56 1
56 23
57 4
58 7
59 31
60 1
60 27
61 5
61 12
61 16
62 15
63 12
63 16
64 12
64 16
65 2
65 9
66 5
67 7
67 18
68 33
69 5
70 2
71 7
71 18
72 6
73 19
74 5
74 10
74 13
75 35
76 31
77 29
78 8
78 28
79 18
80 2
81 7
81 27
82 31
83 18
83 23
84 18
85 21
85 31
86 1
87 7
87 10
88 5
88 10
89 2
90 20
91 4
92 4
92 10
93 17
94 19
95 19
96 32
97 2
97 22
98 18
98 21
99 4
99 18
100 2
101 4
102 7
103 10
104 3
104 7
105 18
105 21
105 29
106 4
107 8
107 22
