0 5
0 6
0 17
1 7
2 6
2 21
3 15
3 31
4 23
5 12
5 16
6 23
6 29
7 5
7 12
7 16
8 10
8 18
8 23
9 2
9 12
9 16
10 12
10 16
11 4
12 6
13 5
13 7
14 17
15 7
15 23
16 21
16 22
17 8
18 6
18 28
18 31
19 2
19 12
19 16
19 18
20 8
21 5
22 7
22 9
23 2
24 7
24 22
25 6
26 2
26 30
26 31
27 17
28 1
29 29
30 18
31 5
31 6
31 9
31 10
31 11
31 13
31 21
31 31
32 23
33 5
34 34
35 29
36 4
37 1
37 2
38 18
38 23
39 1
40 1
41 13
42 4
42 7
42 10
43 3
43 10
43 14
43 19
44 4
45 0
46 4
47 25
48 11
48 31
49 18
49 23
50 10
51 7
52 23
52 29
53 4
54 23
55 7
55 23
56 7
57 4
57 23
58 1
59 7
59 9
60 4
61 4
62 6
62 8
62 10
62 13
63 29
64 4
65 4
66 7
67 12
67 16
67 18
67 23
68 29
69 7
70 7
70 18
71 4
72 4
73 6
74 7
75 4
75 7
75 18
76 5
77 7
77 24
78 24
79 30
79 31
80 0
80 3
80 4
80 10
80 12
80 16
81 1
81 25
82 29
83 35
84 10
85 4
85 7
86 4
87 18
88 3
88 5
89 18
89 23
90 6
91 4
92 17
93 15
94 7
95 36
96 29
97 18
98 13
99 25
100 21
101 7
102 9
102 18
103 25
104 23
105 12
105 16
106 3
106 14
106 17
106 25
107 31
108 4
108 23
109 7
110 35
111 23
112 1
112 7
112 8
113 25
114 7
115 8
115 22
116 4
117 3
117 4
117 12
117 16
118 15
