0 5
0 6
0 17
1 1
2 15
2 31
3 7
4 0
4 4
4 6
4 7
4 21
4 23
4 29
5 1
5 2
6 0
7 8
8 5
8 12
8 16
9 1
10 1
11 2
11 21
12 5
13 10
14 18
15 18
16 10
17 10
17 12
17 16
17 23
18 13
18 29
19 2
20 1
21 2
21 5
21 19
22 5
23 1
24 22
25 5
26 7
26 18
27 18
28 36
29 9
30 5
31 5
31 6
31 9
31 10
31 11
31 13
31 21
31 31
32 1
33 23
34 28
35 18
36 1
36 9
36 25
36 31
36 35
37 1
37 13
38 1
39 8
40 5
41 1
42 10
42 15
42 18
43 10
44 25
45 7
45 23
46 31
47 27
48 26
49 18
50 6
50 21
51 7
51 10
51 18
51 23
52 6
53 10
53 15
54 4
55 29
56 7
57 4
58 5
58 12
58 16
59 21
60 10
61 12
61 16
62 28
63 7
64 12
64 16
64 18
64 23
65 3
66 7
66 19
67 7
67 18
68 1
69 5
70 7
70 23
71 1
72 23
72 32
73 0
73 36
74 1
75 4
75 20
76 4
77 3
77 5
78 7
78 18
79 7
79 18
80 7
80 18
81 2
82 20
82 25
83 2
83 4
83 12
83 16
83 23
83 24
84 23
85 1
86 20
87 4
88 18
89 17
90 2
91 1
92 23
93 18
93 23
94 26
95 7
96 7
