0 2
0 4
0 15
1 15
1 31
2 12
2 16
3 9
4 1
4 6
5 5
5 18
5 24
5 29
5 31
6 28
7 6
8 5
8 7
9 7
10 17
11 24
12 1
13 18
14 4
14 10
15 26
16 8
17 7
18 5
19 9
20 12
20 16
21 0
22 7
22 18
23 15
24 7
24 24
25 0
26 5
27 18
28 5
29 5
29 8
29 9
29 18
29 28
30 18
31 21
32 25
33 7
34 4
35 5
36 5
37 4
38 4
38 22
38 23
39 7
40 1
41 18
42 5
43 28
44 15
45 5
46 2
47 18
47 23
48 15
48 22
49 7
50 7
50 18
51 18
52 36
53 7
53 10
53 22
54 2
54 4
55 1
56 3
56 7
57 1
57 9
57 25
57 31
57 35
58 25
59 15
60 24
61 12
61 16
62 25
63 12
63 16
64 11
64 31
65 18
66 10
67 25
68 7
68 18
68 28
69 18
69 23
70 15
70 28
71 7
71 23
72 7
73 6
74 2
75 10
76 21
76 29
77 7
77 13
77 18
78 2
78 10
79 10
80 7
80 10
80 18
80 23
81 6
82 4
83 6
83 21
84 29
85 22
86 23
87 2
88 32
89 1
89 2
89 9
90 31
91 19
91 27
91 31
92 4
93 1
94 8
95 31
96 6
97 1
98 1
98 5
99 1
100 31
101 1
102 7
102 18
103 0
104 2
105 18
106 0
106 36
107 7
108 18
108 23
109 36
110 31
111 2
112 4
113 7
113 18
113 27
114 9
114 10
115 2
116 1
117 17
118 7
119 3
119 4
120 6
121 7
122 4
122 27
123 4
124 18
125 25
126 28
127 5
127 8
127 18
127 28
128 23
129 4
130 29
131 28
132 19
133 2
134 7
134 18
135 5
136 29
137 1
137 4
138 7
139 7
140 22
141 7
141 10
142 24
143 31
144 25
145 2
145 22
146 18
146 21
147 23
148 29
148 33
149 23
150 9
150 18
151 25
152 6
153 21
153 31
154 4
155 7
156 7
157 23
158 1
