0 7
0 18
1 7
2 4
2 28
3 12
3 16
4 4
5 1
6 31
7 1
7 6
8 5
8 7
9 19
10 1
10 9
10 19
11 7
12 8
13 0
13 9
13 14
13 17
13 18
13 29
14 5
14 12
14 16
15 8
16 4
16 21
17 18
18 4
19 13
19 21
20 2
20 5
20 19
21 4
22 5
23 28
24 1
24 9
25 2
26 1
26 2
26 5
26 10
26 31
27 5
28 20
29 1
29 6
29 15
30 7
30 18
31 22
32 4
33 3
33 7
34 7
35 9
36 5
36 15
37 7
37 18
38 3
38 10
38 14
38 19
39 1
40 25
41 1
42 10
43 2
43 28
44 6
44 25
45 12
45 16
46 7
46 13
46 18
47 3
48 22
49 18
50 4
51 9
52 1
52 10
53 0
53 5
54 0
55 7
56 10
57 7
57 15
57 22
57 35
58 7
59 18
59 23
60 4
61 22
62 0
62 10
62 12
62 16
63 19
64 7
64 18
65 1
66 18
67 14
68 7
69 25
70 5
71 7
71 18
72 8
73 2
73 13
74 7
74 18
75 6
76 15
76 27
76 31
77 15
77 18
78 4
79 12
80 7
81 15
81 35
82 5
83 29
84 9
84 28
85 18
86 13
87 9
88 5
89 13
90 7
91 0
92 1
93 4
