0 2
1 7
2 8
3 18
4 7
5 0
5 4
5 6
5 7
5 21
5 23
5 29
6 10
7 5
8 12
8 16
9 12
9 16
10 4
11 15
12 6
13 29
14 7
14 9
14 18
14 22
15 21
15 22
16 1
16 7
17 23
18 8
19 17
19 23
20 25
21 31
22 21
22 31
23 2
23 30
23 31
24 25
25 5
26 6
27 1
28 5
29 25
30 17
31 7
31 8
31 31
32 25
33 10
33 15
33 18
34 18
35 7
36 15
37 7
38 1
39 18
40 7
40 9
41 8
41 10
41 35
42 1
42 9
42 25
42 31
42 35
43 19
43 25
44 8
45 1
45 13
46 18
46 23
47 10
48 23
49 5
49 21
50 1
51 28
52 19
53 25
54 10
54 15
54 18
55 10
56 23
56 29
57 26
58 15
59 4
59 6
60 4
61 7
61 13
61 18
62 1
63 6
63 24
64 4
65 2
65 5
65 6
66 15
67 30
67 31
68 21
69 7
69 9
70 15
71 4
72 9
73 2
74 1
75 5
75 35
76 29
77 13
78 7
78 12
78 16
79 0
79 5
80 3
81 7
81 19
82 6
83 4
84 31
85 6
86 15
87 1
88 15
89 30
89 31
90 1
91 24
91 29
92 7
93 3
93 23
94 0
94 2
94 7
94 18
95 7
96 18
97 1
97 10
97 18
98 7
99 7
100 27
101 18
102 2
103 5
103 8
103 18
103 28
104 12
104 16
105 5
106 1
106 30
107 23
108 9
109 19
109 21
109 25
110 15
111 6
112 4
113 19
114 2
114 22
115 12
115 16
115 37
116 10
117 21
118 14
119 7
120 23
121 10
122 5
123 24
124 37
125 25
126 15
127 3
127 14
127 17
127 25
128 28
129 1
130 23
